# relative_time, cycles_done, cur_item, corpus_count, pending_total, pending_favs, map_size, saved_crashes, saved_hangs, max_depth, execs_per_sec, total_execs, edges_found
92, 0, 4, 372, 173, 22, 0.00%, 0, 0, 2, 66.67, 9254, 362
109, 0, 29, 388, 188, 37, 0.00%, 0, 0, 2, 67.43, 10540, 395
114, 0, 29, 389, 189, 37, 0.00%, 0, 0, 2, 111.53, 11003, 396
119, 0, 29, 389, 189, 37, 0.00%, 0, 0, 2, 16.33, 11487, 396
124, 0, 29, 389, 189, 37, 0.00%, 0, 0, 2, 121.94, 12019, 396
129, 0, 29, 389, 189, 37, 0.00%, 0, 0, 2, 116.64, 12523, 396
135, 0, 29, 389, 189, 37, 0.00%, 0, 0, 2, 111.94, 12959, 396
140, 0, 29, 389, 189, 37, 0.00%, 0, 0, 2, 102.48, 13385, 396
145, 0, 29, 389, 189, 37, 0.00%, 0, 0, 2, 128.93, 13803, 396
150, 0, 29, 389, 189, 37, 0.00%, 0, 0, 2, 106.51, 14253, 396
155, 0, 29, 389, 189, 37, 0.00%, 0, 0, 2, 88.28, 14696, 396
160, 0, 29, 389, 189, 37, 0.00%, 0, 0, 2, 113.65, 15115, 396
166, 0, 29, 389, 189, 37, 0.00%, 0, 0, 2, 102.29, 15481, 396
171, 0, 29, 389, 189, 37, 0.00%, 0, 0, 2, 101.63, 15923, 396
176, 0, 29, 389, 189, 37, 0.00%, 0, 0, 2, 113.24, 16407, 396
181, 0, 29, 389, 189, 37, 0.00%, 0, 0, 2, 103.43, 16857, 396
186, 0, 29, 389, 189, 37, 0.00%, 0, 0, 2, 105.75, 17303, 396
192, 0, 29, 390, 190, 37, 0.00%, 0, 0, 2, 94.67, 17682, 397
197, 0, 29, 390, 190, 37, 0.00%, 0, 0, 2, 102.32, 18162, 397
202, 0, 29, 390, 190, 37, 0.00%, 0, 0, 2, 100.87, 18638, 397
207, 0, 29, 390, 190, 37, 0.00%, 0, 0, 2, 15.47, 19106, 397
212, 0, 29, 390, 190, 37, 0.00%, 0, 0, 2, 41.32, 19444, 397
218, 0, 29, 390, 190, 37, 0.00%, 0, 0, 2, 76.95, 19847, 397
223, 0, 29, 390, 190, 37, 0.00%, 0, 0, 2, 89.03, 20302, 397
228, 0, 29, 390, 190, 37, 0.00%, 0, 0, 2, 94.73, 20764, 397
234, 0, 29, 390, 190, 37, 0.00%, 0, 0, 2, 97.13, 21222, 397
239, 0, 29, 390, 190, 37, 0.00%, 0, 0, 2, 90.56, 21582, 397
244, 0, 29, 390, 190, 37, 0.00%, 0, 0, 2, 89.57, 21976, 397
249, 0, 29, 390, 190, 37, 0.00%, 0, 0, 2, 90.21, 22387, 397
254, 0, 29, 390, 190, 37, 0.00%, 0, 0, 2, 99.32, 22880, 397
259, 0, 29, 390, 190, 37, 0.00%, 0, 0, 2, 23.75, 23366, 397
264, 0, 29, 390, 190, 37, 0.00%, 0, 0, 2, 86.73, 23847, 397
270, 0, 29, 390, 190, 37, 0.00%, 0, 0, 2, 99.96, 24290, 397
275, 0, 29, 390, 190, 37, 0.00%, 0, 0, 2, 112.61, 24675, 397
280, 0, 29, 390, 190, 37, 0.00%, 0, 0, 2, 72.74, 25051, 397
285, 0, 29, 390, 190, 37, 0.00%, 0, 0, 2, 83.55, 25425, 397
290, 0, 29, 390, 190, 37, 0.00%, 0, 0, 2, 87.70, 25791, 397
296, 0, 29, 390, 190, 37, 0.00%, 0, 0, 2, 93.58, 26243, 397
301, 0, 29, 390, 190, 37, 0.00%, 0, 0, 2, 105.99, 26714, 397
306, 0, 29, 390, 190, 37, 0.00%, 0, 0, 2, 98.11, 27117, 397
311, 0, 29, 390, 190, 37, 0.00%, 0, 0, 2, 92.70, 27522, 397
316, 0, 29, 390, 190, 37, 0.00%, 0, 0, 2, 95.23, 27956, 397
321, 0, 29, 390, 190, 37, 0.00%, 0, 0, 2, 81.98, 28371, 397
326, 0, 29, 390, 190, 37, 0.00%, 0, 0, 2, 85.82, 28738, 397
332, 0, 29, 390, 190, 37, 0.00%, 0, 0, 2, 80.58, 29075, 397
337, 0, 29, 390, 190, 37, 0.00%, 0, 0, 2, 7.30, 29544, 397
342, 0, 29, 390, 190, 37, 0.00%, 0, 0, 2, 22.41, 30102, 397
347, 0, 29, 390, 190, 37, 0.00%, 0, 0, 2, 22.91, 30638, 397
352, 0, 29, 390, 190, 37, 0.00%, 0, 0, 2, 122.29, 31204, 397
358, 0, 29, 390, 190, 37, 0.00%, 0, 0, 2, 119.23, 31668, 397
363, 0, 29, 390, 190, 37, 0.00%, 0, 0, 2, 110.64, 32176, 397
368, 0, 29, 390, 190, 37, 0.00%, 0, 0, 2, 115.62, 32626, 397
373, 0, 29, 390, 190, 37, 0.00%, 0, 0, 2, 106.95, 33056, 397
378, 0, 29, 390, 190, 37, 0.00%, 0, 0, 2, 111.73, 33448, 397
383, 0, 29, 390, 190, 37, 0.00%, 0, 0, 2, 133.88, 33884, 397
388, 0, 29, 390, 190, 37, 0.00%, 0, 0, 2, 119.39, 34406, 397
394, 0, 29, 390, 190, 37, 0.00%, 0, 0, 2, 110.59, 34928, 397
399, 0, 29, 390, 190, 37, 0.00%, 0, 0, 2, 53.36, 35253, 397
404, 0, 29, 390, 190, 37, 0.00%, 0, 0, 2, 90.81, 35740, 397
409, 0, 29, 390, 190, 37, 0.00%, 0, 0, 2, 104.16, 36256, 397
415, 0, 29, 390, 190, 37, 0.00%, 0, 0, 2, 112.98, 36640, 397
420, 0, 29, 390, 190, 37, 0.00%, 0, 0, 2, 121.26, 37270, 397
425, 0, 29, 390, 190, 37, 0.00%, 0, 0, 2, 131.47, 37730, 397
430, 0, 29, 390, 190, 37, 0.00%, 0, 0, 2, 75.17, 38222, 397
435, 0, 29, 390, 190, 37, 0.00%, 0, 0, 2, 121.31, 38708, 397
440, 0, 29, 390, 190, 37, 0.00%, 0, 0, 2, 142.61, 39154, 397
445, 0, 29, 390, 190, 37, 0.00%, 0, 0, 2, 115.74, 39626, 397
450, 0, 29, 390, 190, 37, 0.00%, 0, 0, 2, 101.07, 40048, 397
456, 0, 29, 390, 190, 37, 0.00%, 0, 0, 2, 15.15, 40476, 397
461, 0, 29, 390, 190, 37, 0.00%, 0, 0, 2, 94.97, 40905, 397
466, 0, 29, 390, 190, 37, 0.00%, 0, 0, 2, 98.05, 41299, 397
471, 0, 29, 390, 190, 37, 0.00%, 0, 0, 2, 101.85, 41742, 397
476, 0, 29, 390, 190, 37, 0.00%, 0, 0, 2, 15.71, 42143, 397
481, 0, 29, 390, 190, 37, 0.00%, 0, 0, 2, 37.15, 42535, 397
486, 0, 29, 390, 190, 37, 0.00%, 0, 0, 2, 76.69, 42927, 397
491, 0, 30, 391, 190, 38, 0.00%, 0, 0, 2, 116.71, 43365, 398
497, 0, 30, 393, 192, 38, 0.00%, 0, 0, 2, 109.28, 43735, 403
502, 0, 30, 394, 193, 38, 0.00%, 0, 0, 2, 79.65, 44117, 405
507, 0, 30, 394, 193, 38, 0.00%, 0, 0, 2, 112.79, 44460, 405
512, 0, 30, 394, 193, 38, 0.00%, 0, 0, 2, 99.01, 44870, 405
517, 0, 30, 394, 193, 38, 0.00%, 0, 0, 2, 83.25, 45201, 405
523, 0, 30, 394, 193, 38, 0.00%, 0, 0, 2, 93.90, 45541, 405
528, 0, 30, 394, 193, 38, 0.00%, 0, 0, 2, 91.88, 45917, 405
533, 0, 30, 394, 193, 38, 0.00%, 0, 0, 2, 96.81, 46305, 405
538, 0, 30, 394, 193, 38, 0.00%, 0, 0, 2, 109.08, 46736, 405
543, 0, 30, 394, 193, 38, 0.00%, 0, 0, 2, 104.71, 47180, 405
548, 0, 30, 395, 194, 38, 0.00%, 0, 0, 2, 105.05, 47631, 405
553, 0, 30, 395, 194, 38, 0.00%, 0, 0, 2, 96.27, 48032, 405
559, 0, 30, 395, 194, 38, 0.00%, 0, 0, 2, 99.74, 48499, 405
564, 0, 30, 395, 194, 38, 0.00%, 0, 0, 2, 114.76, 49043, 405
569, 0, 30, 395, 194, 38, 0.00%, 0, 0, 2, 119.73, 49643, 405
574, 0, 30, 395, 194, 38, 0.00%, 0, 0, 2, 150.94, 50161, 405
579, 0, 30, 395, 194, 38, 0.00%, 0, 0, 2, 117.38, 50653, 405
585, 0, 30, 395, 194, 38, 0.00%, 0, 0, 2, 109.51, 51131, 405
590, 0, 30, 395, 194, 38, 0.00%, 0, 0, 2, 102.44, 51581, 405
595, 0, 30, 395, 194, 38, 0.00%, 0, 0, 2, 47.14, 52050, 405
600, 0, 30, 395, 194, 38, 0.00%, 0, 0, 2, 89.90, 52543, 405
605, 0, 30, 395, 194, 38, 0.00%, 0, 0, 2, 107.82, 53065, 405
610, 0, 30, 395, 194, 38, 0.00%, 0, 0, 2, 107.19, 53553, 405
616, 0, 30, 395, 194, 38, 0.00%, 0, 0, 2, 110.97, 54019, 405
621, 0, 30, 395, 194, 38, 0.00%, 0, 0, 2, 97.30, 54469, 405
626, 0, 30, 395, 194, 38, 0.00%, 0, 0, 2, 4.52, 54887, 405
631, 0, 30, 395, 194, 38, 0.00%, 0, 0, 2, 93.76, 55338, 405
637, 0, 30, 395, 194, 38, 0.00%, 0, 0, 2, 94.40, 55774, 405
642, 0, 30, 395, 194, 38, 0.00%, 0, 0, 2, 117.84, 56229, 405
647, 0, 30, 395, 194, 38, 0.00%, 0, 0, 2, 115.27, 56741, 405
652, 0, 30, 395, 194, 38, 0.00%, 0, 0, 2, 104.28, 57199, 405
657, 0, 30, 395, 194, 38, 0.00%, 0, 0, 2, 113.67, 57627, 405
663, 0, 30, 395, 194, 38, 0.00%, 0, 0, 2, 119.02, 58079, 405
668, 0, 30, 395, 194, 38, 0.00%, 0, 0, 2, 109.79, 58473, 405
673, 0, 30, 395, 194, 38, 0.00%, 0, 0, 2, 8.81, 58911, 405
678, 0, 30, 395, 194, 38, 0.00%, 0, 0, 2, 107.29, 59385, 405
683, 0, 30, 395, 194, 38, 0.00%, 0, 0, 2, 114.96, 59911, 405
688, 0, 30, 395, 194, 38, 0.00%, 0, 0, 2, 20.00, 60351, 405
694, 0, 30, 395, 194, 38, 0.00%, 0, 0, 2, 112.64, 60849, 405
699, 0, 30, 395, 194, 38, 0.00%, 0, 0, 2, 115.49, 61419, 405
704, 0, 30, 395, 194, 38, 0.00%, 0, 0, 2, 135.05, 61951, 405
709, 0, 30, 395, 194, 38, 0.00%, 0, 0, 2, 135.42, 62521, 405
714, 0, 30, 395, 194, 38, 0.00%, 0, 0, 2, 120.01, 63051, 405
719, 0, 30, 395, 194, 38, 0.00%, 0, 0, 2, 115.03, 63513, 405
724, 0, 30, 395, 194, 38, 0.00%, 0, 0, 2, 109.57, 63963, 405
729, 0, 30, 395, 194, 38, 0.00%, 0, 0, 2, 117.01, 64515, 405
734, 0, 30, 395, 194, 38, 0.00%, 0, 0, 2, 116.12, 65049, 405
740, 0, 30, 395, 194, 38, 0.00%, 0, 0, 2, 102.78, 65463, 405
745, 0, 30, 395, 194, 38, 0.00%, 0, 0, 2, 13.16, 65871, 405
750, 0, 30, 395, 194, 38, 0.00%, 0, 0, 2, 2.63, 66210, 405
755, 0, 30, 395, 194, 38, 0.00%, 0, 0, 2, 17.41, 66618, 405
761, 0, 30, 395, 194, 38, 0.00%, 0, 0, 2, 102.83, 67111, 405
766, 0, 30, 395, 194, 38, 0.00%, 0, 0, 2, 108.96, 67627, 405
771, 0, 30, 395, 194, 38, 0.00%, 0, 0, 2, 138.43, 68203, 405
776, 0, 30, 395, 194, 38, 0.00%, 0, 0, 2, 43.18, 68706, 405
781, 0, 30, 395, 194, 38, 0.00%, 0, 0, 2, 90.84, 69201, 405
787, 0, 30, 395, 194, 38, 0.00%, 0, 0, 2, 105.83, 69703, 405
792, 0, 30, 395, 194, 38, 0.00%, 0, 0, 2, 102.73, 70181, 405
797, 0, 30, 395, 194, 38, 0.00%, 0, 0, 2, 110.42, 70713, 405
802, 0, 30, 395, 194, 38, 0.00%, 0, 0, 2, 103.04, 71177, 405
807, 0, 30, 395, 194, 38, 0.00%, 0, 0, 2, 18.99, 71621, 405
812, 0, 30, 395, 194, 38, 0.00%, 0, 0, 2, 102.00, 72057, 405
817, 0, 30, 395, 194, 38, 0.00%, 0, 0, 2, 130.97, 72453, 405
823, 0, 30, 395, 194, 38, 0.00%, 0, 0, 2, 85.71, 72841, 405
828, 0, 30, 395, 194, 38, 0.00%, 0, 0, 2, 121.72, 73281, 405
833, 0, 30, 395, 194, 38, 0.00%, 0, 0, 2, 123.13, 73677, 405
838, 0, 30, 395, 194, 38, 0.00%, 0, 0, 2, 101.66, 74045, 405
844, 0, 30, 395, 194, 38, 0.00%, 0, 0, 2, 92.65, 74475, 405
849, 0, 30, 395, 194, 38, 0.00%, 0, 0, 2, 92.83, 74905, 405
854, 0, 30, 395, 194, 38, 0.00%, 0, 0, 2, 95.04, 75318, 405
859, 0, 30, 395, 194, 38, 0.00%, 0, 0, 2, 84.08, 75715, 405
864, 0, 30, 395, 194, 38, 0.00%, 0, 0, 2, 91.48, 76014, 405
870, 0, 45, 395, 193, 41, 0.00%, 0, 0, 2, 135.48, 76493, 405
875, 0, 45, 395, 193, 41, 0.00%, 0, 0, 2, 69.40, 76929, 405
880, 0, 45, 396, 194, 41, 0.00%, 0, 0, 2, 86.74, 77377, 405
885, 0, 45, 396, 194, 41, 0.00%, 0, 0, 2, 99.28, 77865, 405
891, 0, 45, 396, 194, 41, 0.00%, 0, 0, 2, 84.15, 78305, 405
896, 0, 45, 396, 194, 41, 0.00%, 0, 0, 2, 100.12, 78803, 405
901, 0, 45, 396, 194, 41, 0.00%, 0, 0, 2, 111.12, 79327, 405
907, 0, 45, 396, 194, 41, 0.00%, 0, 0, 2, 19.75, 79867, 405
912, 0, 45, 396, 194, 41, 0.00%, 0, 0, 2, 125.93, 80383, 405
917, 0, 45, 396, 194, 41, 0.00%, 0, 0, 2, 107.98, 80829, 405
922, 0, 45, 396, 194, 41, 0.00%, 0, 0, 2, 104.34, 81287, 405
927, 0, 45, 396, 194, 41, 0.00%, 0, 0, 2, 112.10, 81819, 405
932, 0, 45, 396, 194, 41, 0.00%, 0, 0, 2, 74.93, 82395, 405
937, 0, 45, 396, 194, 41, 0.00%, 0, 0, 2, 107.12, 82931, 405
943, 0, 45, 396, 194, 41, 0.00%, 0, 0, 2, 117.92, 83509, 405
948, 0, 45, 396, 194, 41, 0.00%, 0, 0, 2, 25.10, 84099, 405
953, 0, 45, 396, 194, 41, 0.00%, 0, 0, 2, 169.30, 84618, 405
958, 0, 45, 396, 194, 41, 0.00%, 0, 0, 2, 41.78, 85089, 405
963, 0, 45, 396, 194, 41, 0.00%, 0, 0, 2, 92.17, 85596, 405
968, 0, 45, 396, 194, 41, 0.00%, 0, 0, 2, 116.90, 86195, 405
973, 0, 45, 396, 194, 41, 0.00%, 0, 0, 2, 146.86, 86701, 405
978, 0, 45, 396, 194, 41, 0.00%, 0, 0, 2, 126.50, 87133, 405
984, 0, 45, 396, 194, 41, 0.00%, 0, 0, 2, 57.20, 87510, 405
989, 0, 45, 396, 194, 41, 0.00%, 0, 0, 2, 82.40, 87901, 405
994, 0, 45, 396, 194, 41, 0.00%, 0, 0, 2, 80.61, 88230, 405
999, 0, 45, 396, 194, 41, 0.00%, 0, 0, 2, 86.79, 88623, 405
1005, 0, 45, 396, 194, 41, 0.00%, 0, 0, 2, 88.56, 89009, 405
1010, 0, 45, 396, 194, 41, 0.00%, 0, 0, 2, 85.91, 89380, 405
1015, 0, 45, 396, 194, 41, 0.00%, 0, 0, 2, 91.76, 89780, 405
1020, 0, 45, 396, 194, 41, 0.00%, 0, 0, 2, 89.34, 90163, 405
1025, 0, 45, 396, 194, 41, 0.00%, 0, 0, 2, 91.18, 90534, 405
1030, 0, 45, 396, 194, 41, 0.00%, 0, 0, 2, 3.03, 90893, 405
1035, 0, 45, 396, 194, 41, 0.00%, 0, 0, 2, 97.91, 91253, 405
1041, 0, 45, 396, 194, 41, 0.00%, 0, 0, 2, 102.41, 91617, 405
1046, 0, 45, 396, 194, 41, 0.00%, 0, 0, 2, 95.02, 92037, 405
1051, 0, 45, 396, 194, 41, 0.00%, 0, 0, 2, 93.65, 92452, 405
1057, 0, 45, 396, 194, 41, 0.00%, 0, 0, 2, 60.66, 92862, 405
1063, 0, 45, 396, 194, 41, 0.00%, 0, 0, 2, 83.64, 93273, 405
1068, 0, 45, 396, 194, 41, 0.00%, 0, 0, 2, 97.34, 93757, 405
1073, 0, 45, 396, 194, 41, 0.00%, 0, 0, 2, 98.67, 94181, 405
1078, 0, 45, 396, 194, 41, 0.00%, 0, 0, 2, 111.34, 94639, 405
1083, 0, 45, 396, 194, 41, 0.00%, 0, 0, 2, 114.40, 95087, 405
1088, 0, 45, 396, 194, 41, 0.00%, 0, 0, 2, 105.07, 95541, 405
1094, 0, 45, 396, 194, 41, 0.00%, 0, 0, 2, 104.32, 95997, 405
1099, 0, 45, 396, 194, 41, 0.00%, 0, 0, 2, 97.33, 96438, 405
1104, 0, 45, 396, 194, 41, 0.00%, 0, 0, 2, 93.40, 96882, 405
1109, 0, 45, 396, 194, 41, 0.00%, 0, 0, 2, 102.84, 97353, 405
1114, 0, 45, 396, 194, 41, 0.00%, 0, 0, 2, 120.11, 97761, 405
1119, 0, 45, 396, 194, 41, 0.00%, 0, 0, 2, 103.43, 98207, 405
1125, 0, 45, 396, 194, 41, 0.00%, 0, 0, 2, 73.53, 98634, 405
1130, 0, 45, 396, 194, 41, 0.00%, 0, 0, 2, 88.86, 99085, 405
1135, 0, 45, 396, 194, 41, 0.00%, 0, 0, 2, 102.07, 99505, 405
1140, 0, 45, 396, 194, 41, 0.00%, 0, 0, 2, 103.05, 99975, 405
1145, 0, 45, 396, 194, 41, 0.00%, 0, 0, 2, 101.44, 100439, 405
1151, 0, 45, 396, 194, 41, 0.00%, 0, 0, 2, 104.15, 100927, 405
1156, 0, 45, 396, 194, 41, 0.00%, 0, 0, 2, 101.08, 101397, 405
1161, 0, 45, 396, 194, 41, 0.00%, 0, 0, 2, 109.75, 101925, 405
1166, 0, 45, 396, 194, 41, 0.00%, 0, 0, 2, 111.18, 102453, 405
1171, 0, 45, 396, 194, 41, 0.00%, 0, 0, 2, 127.15, 103073, 405
1176, 0, 45, 396, 194, 41, 0.00%, 0, 0, 2, 126.84, 103691, 405
1181, 0, 45, 396, 194, 41, 0.00%, 0, 0, 2, 114.77, 104195, 405
1186, 0, 45, 396, 194, 41, 0.00%, 0, 0, 2, 116.61, 104737, 405
1191, 0, 45, 396, 194, 41, 0.00%, 0, 0, 2, 113.48, 105251, 405
1196, 0, 45, 396, 194, 41, 0.00%, 0, 0, 2, 116.20, 105807, 405
1201, 0, 45, 396, 194, 41, 0.00%, 0, 0, 2, 110.42, 106293, 405
1207, 0, 45, 396, 194, 41, 0.00%, 0, 0, 2, 109.37, 106809, 405
1212, 0, 45, 396, 194, 41, 0.00%, 0, 0, 2, 19.83, 107251, 405
1217, 0, 45, 396, 194, 41, 0.00%, 0, 0, 2, 65.02, 107602, 405
1223, 0, 45, 396, 194, 41, 0.00%, 0, 0, 2, 15.77, 107899, 405
1228, 0, 45, 396, 194, 41, 0.00%, 0, 0, 2, 101.83, 108309, 405
1233, 0, 45, 396, 194, 41, 0.00%, 0, 0, 2, 93.25, 108666, 405
1238, 0, 46, 396, 193, 41, 0.00%, 0, 0, 2, 2.65, 109087, 405
1244, 0, 46, 397, 194, 41, 0.00%, 0, 0, 2, 93.95, 109489, 405
1249, 0, 46, 397, 194, 41, 0.00%, 0, 0, 2, 94.43, 109937, 405
1254, 0, 46, 397, 194, 41, 0.00%, 0, 0, 2, 98.00, 110385, 405
1260, 0, 46, 397, 194, 41, 0.00%, 0, 0, 2, 115.96, 110801, 405
1265, 0, 46, 397, 194, 41, 0.00%, 0, 0, 2, 11.87, 111117, 405
1270, 0, 46, 397, 194, 41, 0.00%, 0, 0, 2, 102.20, 111519, 405
1275, 0, 46, 397, 194, 41, 0.00%, 0, 0, 2, 110.39, 111953, 405
1280, 0, 46, 397, 194, 41, 0.00%, 0, 0, 2, 96.73, 112405, 405
1285, 0, 46, 397, 194, 41, 0.00%, 0, 0, 2, 114.33, 112837, 405
1290, 0, 46, 397, 194, 41, 0.00%, 0, 0, 2, 110.52, 113323, 405
1295, 0, 46, 397, 194, 41, 0.00%, 0, 0, 2, 109.98, 113827, 405
1301, 0, 46, 397, 194, 41, 0.00%, 0, 0, 2, 45.58, 114229, 405
1306, 0, 46, 397, 194, 41, 0.00%, 0, 0, 2, 100.60, 114617, 405
1311, 0, 46, 397, 194, 41, 0.00%, 0, 0, 2, 101.87, 114949, 405
1316, 0, 46, 397, 194, 41, 0.00%, 0, 0, 2, 87.18, 115338, 405
1321, 0, 46, 397, 194, 41, 0.00%, 0, 0, 2, 110.92, 115773, 405
1327, 0, 46, 397, 194, 41, 0.00%, 0, 0, 2, 92.92, 116225, 405
1332, 0, 46, 397, 194, 41, 0.00%, 0, 0, 2, 20.62, 116655, 405
1337, 0, 46, 397, 194, 41, 0.00%, 0, 0, 2, 66.88, 117029, 405
1342, 0, 46, 397, 194, 41, 0.00%, 0, 0, 2, 82.77, 117425, 405
1348, 0, 46, 397, 194, 41, 0.00%, 0, 0, 2, 88.78, 117841, 405
1353, 0, 46, 397, 194, 41, 0.00%, 0, 0, 2, 90.31, 118257, 405
1358, 0, 46, 397, 194, 41, 0.00%, 0, 0, 2, 94.08, 118713, 405
1364, 0, 46, 397, 194, 41, 0.00%, 0, 0, 2, 36.54, 119097, 405
1369, 0, 46, 397, 194, 41, 0.00%, 0, 0, 2, 118.68, 119519, 405
1374, 0, 46, 397, 194, 41, 0.00%, 0, 0, 2, 91.54, 119958, 405
1380, 0, 46, 398, 195, 41, 0.00%, 0, 0, 2, 96.96, 120434, 409
1385, 0, 46, 398, 195, 41, 0.00%, 0, 0, 2, 110.24, 120874, 409
1390, 0, 46, 398, 195, 41, 0.00%, 0, 0, 2, 131.30, 121376, 409
1395, 0, 46, 399, 196, 41, 0.00%, 0, 0, 2, 109.85, 121864, 412
1401, 0, 46, 399, 196, 41, 0.00%, 0, 0, 2, 97.12, 122285, 412
1406, 0, 46, 399, 196, 41, 0.00%, 0, 0, 2, 95.14, 122625, 412
1411, 0, 46, 399, 196, 41, 0.00%, 0, 0, 2, 83.91, 122973, 412
1416, 0, 46, 399, 196, 41, 0.00%, 0, 0, 2, 98.87, 123351, 412
1421, 0, 46, 399, 196, 41, 0.00%, 0, 0, 2, 16.29, 123680, 412
1426, 0, 46, 399, 196, 41, 0.00%, 0, 0, 2, 99.44, 124040, 412
1431, 0, 46, 399, 196, 41, 0.00%, 0, 0, 2, 102.32, 124370, 412
1437, 0, 46, 399, 196, 41, 0.00%, 0, 0, 2, 2.88, 124725, 412
1442, 0, 46, 399, 196, 41, 0.00%, 0, 0, 2, 93.31, 125094, 412
1447, 0, 46, 399, 196, 41, 0.00%, 0, 0, 2, 92.43, 125476, 412
1452, 0, 46, 399, 196, 41, 0.00%, 0, 0, 2, 97.60, 125830, 412
1457, 0, 46, 399, 196, 41, 0.00%, 0, 0, 2, 137.57, 126324, 412
1462, 0, 46, 399, 196, 41, 0.00%, 0, 0, 2, 116.23, 126826, 412
1467, 0, 46, 399, 196, 41, 0.00%, 0, 0, 2, 4.68, 127318, 412
1473, 0, 46, 399, 196, 41, 0.00%, 0, 0, 2, 118.72, 127830, 412
1478, 0, 46, 399, 196, 41, 0.00%, 0, 0, 2, 114.50, 128350, 412
1483, 0, 46, 399, 196, 41, 0.00%, 0, 0, 2, 114.17, 128872, 412
1488, 0, 46, 399, 196, 41, 0.00%, 0, 0, 2, 108.05, 129368, 412
1493, 0, 46, 399, 196, 41, 0.00%, 0, 0, 2, 119.82, 129972, 412
1498, 0, 46, 399, 196, 41, 0.00%, 0, 0, 2, 105.32, 130434, 412
1503, 0, 46, 400, 197, 41, 0.00%, 0, 0, 2, 96.52, 130830, 415
1508, 0, 46, 400, 197, 41, 0.00%, 0, 0, 2, 16.74, 131230, 415
1514, 0, 46, 400, 197, 41, 0.00%, 0, 0, 2, 89.01, 131662, 415
1519, 0, 46, 400, 197, 41, 0.00%, 0, 0, 2, 102.26, 132140, 415
1524, 0, 46, 400, 197, 41, 0.00%, 0, 0, 2, 94.53, 132615, 415
1529, 0, 46, 400, 197, 41, 0.00%, 0, 0, 2, 100.09, 133096, 415
1535, 0, 46, 400, 197, 41, 0.00%, 0, 0, 2, 89.76, 133509, 415
1540, 0, 46, 400, 197, 41, 0.00%, 0, 0, 2, 98.16, 133972, 415
1545, 0, 46, 400, 197, 41, 0.00%, 0, 0, 2, 85.81, 134340, 415
1550, 0, 46, 400, 197, 41, 0.00%, 0, 0, 2, 116.06, 134676, 415
1555, 0, 46, 400, 197, 41, 0.00%, 0, 0, 2, 17.86, 135024, 415
1560, 0, 46, 400, 197, 41, 0.00%, 0, 0, 2, 127.35, 135406, 415
1566, 0, 46, 400, 197, 41, 0.00%, 0, 0, 2, 79.68, 135741, 415
1571, 0, 46, 400, 197, 41, 0.00%, 0, 0, 2, 90.68, 136054, 415
1576, 0, 46, 400, 197, 41, 0.00%, 0, 0, 2, 101.43, 136402, 415
1581, 0, 46, 400, 197, 41, 0.00%, 0, 0, 2, 86.18, 136812, 415
1587, 0, 46, 400, 197, 41, 0.00%, 0, 0, 2, 91.87, 137206, 415
1592, 0, 46, 400, 197, 41, 0.00%, 0, 0, 2, 98.69, 137658, 415
1597, 0, 46, 400, 197, 41, 0.00%, 0, 0, 2, 119.42, 138090, 415
1602, 0, 46, 401, 198, 41, 0.00%, 0, 0, 2, 108.34, 138573, 417
1607, 0, 46, 401, 198, 41, 0.00%, 0, 0, 2, 98.46, 138988, 417
1612, 0, 46, 401, 198, 41, 0.00%, 0, 0, 2, 80.28, 139332, 417
1618, 0, 46, 401, 198, 41, 0.00%, 0, 0, 2, 95.72, 139847, 417
1623, 0, 46, 401, 198, 41, 0.00%, 0, 0, 2, 104.41, 140341, 417
1628, 0, 46, 401, 198, 41, 0.00%, 0, 0, 2, 114.72, 140837, 417
1633, 0, 46, 401, 198, 41, 0.00%, 0, 0, 2, 108.50, 141319, 417
1639, 0, 51, 420, 216, 46, 0.01%, 0, 0, 2, 107.57, 141957, 435
1645, 0, 51, 421, 217, 46, 0.01%, 0, 0, 2, 115.88, 142519, 435
1650, 0, 51, 421, 217, 46, 0.01%, 0, 0, 2, 117.15, 143069, 435
1655, 0, 51, 421, 217, 46, 0.01%, 0, 0, 2, 125.90, 143527, 435
1660, 0, 51, 421, 217, 46, 0.01%, 0, 0, 2, 100.38, 143949, 435
1665, 0, 51, 421, 217, 46, 0.01%, 0, 0, 2, 95.65, 144525, 435
1670, 0, 51, 421, 217, 46, 0.01%, 0, 0, 2, 100.40, 144923, 435
1675, 0, 51, 421, 217, 46, 0.01%, 0, 0, 2, 93.17, 145350, 435
1680, 0, 51, 421, 217, 46, 0.01%, 0, 0, 2, 93.36, 145763, 435
1686, 0, 51, 421, 217, 46, 0.01%, 0, 0, 2, 80.20, 146105, 435
1691, 0, 51, 421, 217, 46, 0.01%, 0, 0, 2, 85.68, 146475, 435
1696, 0, 51, 421, 217, 46, 0.01%, 0, 0, 2, 85.94, 146885, 435
1701, 0, 51, 421, 217, 46, 0.01%, 0, 0, 2, 37.81, 147197, 435
1706, 0, 51, 421, 217, 46, 0.01%, 0, 0, 2, 4.00, 147589, 435
1711, 0, 51, 421, 217, 46, 0.01%, 0, 0, 2, 108.43, 148047, 435
1716, 0, 51, 421, 217, 46, 0.01%, 0, 0, 2, 98.81, 148460, 435
1721, 0, 51, 421, 217, 46, 0.01%, 0, 0, 2, 92.35, 148772, 435
1727, 0, 51, 421, 217, 46, 0.01%, 0, 0, 2, 113.94, 149129, 435
1732, 0, 51, 421, 217, 46, 0.01%, 0, 0, 2, 113.86, 149486, 435
1737, 0, 51, 421, 217, 46, 0.01%, 0, 0, 2, 51.42, 149796, 435
1742, 0, 51, 421, 217, 46, 0.01%, 0, 0, 2, 71.65, 150113, 435
1747, 0, 51, 421, 217, 46, 0.01%, 0, 0, 2, 82.33, 150508, 435
1752, 0, 51, 421, 217, 46, 0.01%, 0, 0, 2, 126.47, 150825, 435
1757, 0, 51, 421, 217, 46, 0.01%, 0, 0, 2, 60.65, 151199, 435
1762, 0, 51, 421, 217, 46, 0.01%, 0, 0, 2, 113.44, 151579, 435
1767, 0, 51, 421, 217, 46, 0.01%, 0, 0, 2, 106.11, 151929, 435
1773, 0, 51, 421, 217, 46, 0.01%, 0, 0, 2, 97.65, 152301, 435
1778, 0, 51, 421, 217, 46, 0.01%, 0, 0, 2, 59.28, 152658, 435
1783, 0, 51, 421, 217, 46, 0.01%, 0, 0, 2, 72.81, 152962, 435
1788, 0, 51, 421, 217, 46, 0.01%, 0, 0, 2, 84.56, 153348, 435
1793, 0, 51, 421, 217, 46, 0.01%, 0, 0, 2, 83.17, 153699, 435
1798, 0, 51, 421, 217, 46, 0.01%, 0, 0, 2, 82.34, 154080, 435
1803, 0, 51, 421, 217, 46, 0.01%, 0, 0, 2, 88.20, 154424, 435
1809, 0, 51, 421, 217, 46, 0.01%, 0, 0, 2, 22.86, 154835, 435
1814, 0, 51, 421, 217, 46, 0.01%, 0, 0, 2, 97.93, 155277, 435
1819, 0, 51, 421, 217, 46, 0.01%, 0, 0, 2, 14.02, 155745, 435
1825, 0, 51, 421, 217, 46, 0.01%, 0, 0, 2, 22.27, 156245, 435
1830, 0, 51, 421, 217, 46, 0.01%, 0, 0, 2, 99.40, 156671, 435
1836, 0, 51, 421, 217, 46, 0.01%, 0, 0, 2, 95.18, 157127, 435
1841, 0, 51, 421, 217, 46, 0.01%, 0, 0, 2, 101.12, 157629, 435
1846, 0, 51, 421, 217, 46, 0.01%, 0, 0, 2, 117.81, 158219, 435
1851, 0, 51, 421, 217, 46, 0.01%, 0, 0, 2, 116.61, 158789, 435
1856, 0, 51, 421, 217, 46, 0.01%, 0, 0, 2, 121.59, 159343, 435
1861, 0, 51, 421, 217, 46, 0.01%, 0, 0, 2, 112.53, 159821, 435
1866, 0, 51, 421, 217, 46, 0.01%, 0, 0, 2, 113.43, 160349, 435
1872, 0, 51, 421, 217, 46, 0.01%, 0, 0, 2, 131.02, 160883, 435
1877, 0, 51, 421, 217, 46, 0.01%, 0, 0, 2, 108.15, 161415, 435
1882, 0, 51, 421, 217, 46, 0.01%, 0, 0, 2, 109.18, 161943, 435
1887, 0, 51, 421, 217, 46, 0.01%, 0, 0, 2, 114.90, 162493, 435
1892, 0, 51, 421, 217, 46, 0.01%, 0, 0, 2, 119.25, 163063, 435
1897, 0, 51, 421, 217, 46, 0.01%, 0, 0, 2, 108.78, 163583, 435
1902, 0, 51, 421, 217, 46, 0.01%, 0, 0, 2, 108.43, 164121, 435
1907, 0, 51, 421, 217, 46, 0.01%, 0, 0, 2, 108.43, 164627, 435
1913, 0, 51, 421, 217, 46, 0.01%, 0, 0, 2, 105.32, 165075, 435
1918, 0, 51, 421, 217, 46, 0.01%, 0, 0, 2, 115.48, 165639, 435
1923, 0, 51, 421, 217, 46, 0.01%, 0, 0, 2, 116.24, 166199, 435
1928, 0, 51, 421, 217, 46, 0.01%, 0, 0, 2, 103.07, 166627, 435
1933, 0, 51, 421, 217, 46, 0.01%, 0, 0, 2, 101.02, 167019, 435
1939, 0, 51, 421, 217, 46, 0.01%, 0, 0, 2, 110.62, 167547, 435
1944, 0, 51, 421, 217, 46, 0.01%, 0, 0, 2, 109.93, 168091, 435
1949, 0, 51, 421, 217, 46, 0.01%, 0, 0, 2, 107.67, 168607, 435
1954, 0, 51, 421, 217, 46, 0.01%, 0, 0, 2, 74.30, 168930, 435
1959, 0, 51, 421, 217, 46, 0.01%, 0, 0, 2, 88.33, 169204, 435
1965, 0, 51, 421, 217, 46, 0.01%, 0, 0, 2, 72.99, 169631, 435
1970, 0, 51, 421, 217, 46, 0.01%, 0, 0, 2, 90.34, 169995, 435
1975, 0, 51, 421, 217, 46, 0.01%, 0, 0, 2, 122.74, 170399, 435
1980, 0, 51, 421, 217, 46, 0.01%, 0, 0, 2, 15.24, 170809, 435
1985, 0, 51, 421, 217, 46, 0.01%, 0, 0, 2, 93.46, 171208, 435
1990, 0, 51, 421, 217, 46, 0.01%, 0, 0, 2, 85.82, 171552, 435
1995, 0, 51, 421, 217, 46, 0.01%, 0, 0, 2, 102.72, 172044, 435
2001, 0, 51, 421, 217, 46, 0.01%, 0, 0, 2, 102.93, 172543, 435
2006, 0, 51, 421, 217, 46, 0.01%, 0, 0, 2, 112.78, 173053, 435
2011, 0, 51, 421, 217, 46, 0.01%, 0, 0, 2, 5.29, 173503, 435
2016, 0, 51, 421, 217, 46, 0.01%, 0, 0, 2, 128.95, 173967, 435
2021, 0, 51, 421, 217, 46, 0.01%, 0, 0, 2, 104.58, 174405, 435
2027, 0, 54, 425, 220, 46, 0.01%, 0, 0, 2, 39.31, 174810, 446
2032, 0, 54, 430, 225, 46, 0.01%, 0, 0, 2, 41.09, 174999, 456
2037, 0, 54, 431, 226, 46, 0.01%, 0, 0, 2, 42.15, 175182, 458
2042, 0, 54, 434, 229, 46, 0.01%, 0, 0, 2, 42.24, 175389, 462
2047, 0, 54, 435, 230, 46, 0.01%, 0, 0, 2, 43.11, 175565, 463
2053, 0, 54, 436, 231, 46, 0.01%, 0, 0, 2, 7.75, 175729, 465
2058, 0, 54, 438, 233, 46, 0.01%, 0, 0, 2, 44.09, 175905, 469
2063, 0, 54, 439, 234, 46, 0.01%, 0, 0, 2, 39.71, 176054, 470
2068, 0, 54, 440, 235, 46, 0.01%, 0, 0, 2, 38.40, 176220, 476
2073, 0, 54, 441, 236, 46, 0.01%, 0, 0, 2, 42.28, 176394, 477
2078, 0, 54, 441, 236, 46, 0.01%, 0, 0, 2, 33.91, 176539, 477
2083, 0, 54, 443, 238, 46, 0.01%, 0, 0, 2, 38.85, 176723, 480
2088, 0, 54, 443, 238, 46, 0.01%, 0, 0, 2, 46.65, 176910, 480
2093, 0, 54, 444, 239, 46, 0.01%, 0, 0, 2, 46.43, 177127, 481
2099, 0, 54, 444, 239, 46, 0.01%, 0, 0, 2, 45.65, 177353, 481
2104, 0, 54, 445, 240, 46, 0.01%, 0, 0, 2, 45.08, 177573, 483
2109, 0, 54, 445, 240, 46, 0.01%, 0, 0, 2, 45.74, 177776, 483
2114, 0, 54, 446, 241, 46, 0.01%, 0, 0, 2, 7.89, 177971, 484
2119, 0, 54, 447, 242, 46, 0.01%, 0, 0, 2, 43.03, 178175, 485
2124, 0, 54, 447, 242, 46, 0.01%, 0, 0, 2, 46.10, 178395, 485
2130, 0, 54, 447, 242, 46, 0.01%, 0, 0, 2, 48.83, 178615, 485
2135, 0, 54, 447, 242, 46, 0.01%, 0, 0, 2, 22.59, 178808, 485
2140, 0, 54, 448, 243, 46, 0.01%, 0, 0, 2, 39.79, 179033, 486
2145, 0, 54, 448, 243, 46, 0.01%, 0, 0, 2, 41.66, 179228, 486
2150, 0, 54, 449, 244, 46, 0.01%, 0, 0, 2, 42.71, 179439, 487
2155, 0, 54, 450, 245, 46, 0.01%, 0, 0, 2, 43.90, 179648, 488
2160, 0, 54, 450, 245, 46, 0.01%, 0, 0, 2, 50.69, 179878, 488
2165, 0, 54, 450, 245, 46, 0.01%, 0, 0, 2, 47.94, 180086, 488
2170, 0, 54, 450, 245, 46, 0.01%, 0, 0, 2, 43.06, 180258, 488
2175, 0, 54, 450, 245, 46, 0.01%, 0, 0, 2, 42.51, 180449, 488
2181, 0, 54, 451, 246, 46, 0.01%, 0, 0, 2, 40.49, 180620, 489
2186, 0, 54, 452, 247, 46, 0.01%, 0, 0, 2, 40.45, 180788, 490
2191, 0, 54, 453, 248, 46, 0.01%, 0, 0, 2, 34.81, 180944, 491
2196, 0, 54, 453, 248, 46, 0.01%, 0, 0, 2, 39.55, 181143, 491
2202, 0, 54, 454, 249, 46, 0.01%, 0, 0, 2, 48.24, 181336, 492
2207, 0, 54, 454, 249, 46, 0.01%, 0, 0, 2, 46.56, 181537, 492
2212, 0, 54, 454, 249, 46, 0.01%, 0, 0, 2, 44.41, 181749, 492
2217, 0, 54, 454, 249, 46, 0.01%, 0, 0, 2, 42.37, 181948, 492
2223, 0, 54, 454, 249, 46, 0.01%, 0, 0, 2, 40.60, 182135, 492
2228, 0, 54, 454, 249, 46, 0.01%, 0, 0, 2, 42.46, 182322, 492
2233, 0, 54, 454, 249, 46, 0.01%, 0, 0, 2, 45.59, 182517, 492
2238, 0, 54, 454, 249, 46, 0.01%, 0, 0, 2, 42.46, 182714, 492
2244, 0, 54, 454, 249, 46, 0.01%, 0, 0, 2, 41.35, 182891, 492
2249, 0, 54, 454, 249, 46, 0.01%, 0, 0, 2, 45.76, 183107, 492
2254, 0, 54, 454, 249, 46, 0.01%, 0, 0, 2, 42.99, 183319, 492
2259, 0, 54, 454, 249, 46, 0.01%, 0, 0, 2, 42.45, 183516, 492
2264, 0, 54, 454, 249, 46, 0.01%, 0, 0, 2, 42.21, 183723, 492
2270, 0, 54, 455, 250, 46, 0.01%, 0, 0, 2, 48.88, 183924, 493
2275, 0, 54, 455, 250, 46, 0.01%, 0, 0, 2, 43.70, 184117, 493
2280, 0, 54, 455, 250, 46, 0.01%, 0, 0, 2, 42.62, 184287, 493
2285, 0, 54, 455, 250, 46, 0.01%, 0, 0, 2, 7.14, 184438, 493
2290, 0, 54, 455, 250, 46, 0.01%, 0, 0, 2, 43.12, 184642, 493
2296, 0, 54, 455, 250, 46, 0.01%, 0, 0, 2, 40.30, 184820, 493
2301, 0, 54, 456, 251, 46, 0.01%, 0, 0, 2, 12.98, 184985, 494
2306, 0, 54, 456, 251, 46, 0.01%, 0, 0, 2, 2.96, 185146, 494
2311, 0, 54, 456, 251, 46, 0.01%, 0, 0, 2, 20.72, 185323, 494
2316, 0, 54, 456, 251, 46, 0.01%, 0, 0, 2, 34.27, 185493, 494
2321, 0, 54, 456, 251, 46, 0.01%, 0, 0, 2, 37.67, 185668, 494
2326, 0, 54, 456, 251, 46, 0.01%, 0, 0, 2, 39.23, 185849, 494
2331, 0, 54, 457, 252, 46, 0.01%, 0, 0, 2, 26.32, 185998, 496
2337, 0, 54, 458, 253, 46, 0.01%, 0, 0, 2, 34.85, 186172, 497
2342, 0, 54, 458, 253, 46, 0.01%, 0, 0, 2, 39.60, 186375, 497
2347, 0, 54, 458, 253, 46, 0.01%, 0, 0, 2, 39.51, 186555, 497
2352, 0, 54, 458, 253, 46, 0.01%, 0, 0, 2, 40.97, 186729, 497
2357, 0, 54, 458, 253, 46, 0.01%, 0, 0, 2, 44.11, 186953, 497
2362, 0, 54, 458, 253, 46, 0.01%, 0, 0, 2, 45.35, 187129, 497
2368, 0, 54, 458, 253, 46, 0.01%, 0, 0, 2, 46.18, 187316, 497
2373, 0, 54, 459, 254, 46, 0.01%, 0, 0, 2, 40.86, 187494, 498
2378, 0, 54, 459, 254, 46, 0.01%, 0, 0, 2, 51.15, 187686, 498
2383, 0, 54, 459, 254, 46, 0.01%, 0, 0, 2, 35.60, 187830, 498
2389, 0, 54, 459, 254, 46, 0.01%, 0, 0, 2, 37.20, 187999, 498
2394, 0, 54, 459, 254, 46, 0.01%, 0, 0, 2, 39.21, 188172, 498
2399, 0, 54, 459, 254, 46, 0.01%, 0, 0, 2, 41.17, 188349, 498
2404, 0, 54, 460, 255, 46, 0.01%, 0, 0, 2, 40.14, 188522, 499
2409, 0, 54, 461, 256, 46, 0.01%, 0, 0, 2, 39.19, 188710, 500
2415, 0, 54, 462, 257, 46, 0.01%, 0, 0, 2, 43.05, 188896, 501
2420, 0, 54, 462, 257, 46, 0.01%, 0, 0, 2, 42.94, 189082, 501
2425, 0, 54, 462, 257, 46, 0.01%, 0, 0, 2, 43.16, 189266, 501
2430, 0, 54, 462, 257, 46, 0.01%, 0, 0, 2, 46.95, 189493, 501
2435, 0, 54, 462, 257, 46, 0.01%, 0, 0, 2, 46.95, 189719, 501
2440, 0, 54, 462, 257, 46, 0.01%, 0, 0, 2, 44.93, 189924, 501
2445, 0, 54, 462, 257, 46, 0.01%, 0, 0, 2, 45.45, 190145, 501
2450, 0, 54, 462, 257, 46, 0.01%, 0, 0, 2, 45.36, 190376, 501
2455, 0, 54, 464, 259, 46, 0.01%, 0, 0, 2, 46.40, 190599, 503
2460, 0, 54, 464, 259, 46, 0.01%, 0, 0, 2, 47.68, 190827, 503
2465, 0, 54, 464, 259, 46, 0.01%, 0, 0, 2, 48.59, 191064, 503
2470, 0, 54, 464, 259, 46, 0.01%, 0, 0, 2, 49.28, 191307, 503
2476, 0, 54, 464, 259, 46, 0.01%, 0, 0, 2, 44.99, 191514, 503
2481, 0, 54, 464, 259, 46, 0.01%, 0, 0, 2, 41.23, 191709, 503
2486, 0, 54, 464, 259, 46, 0.01%, 0, 0, 2, 38.91, 191887, 503
2491, 0, 54, 465, 260, 46, 0.01%, 0, 0, 2, 50.19, 192087, 504
2496, 0, 54, 465, 260, 46, 0.01%, 0, 0, 2, 43.92, 192296, 504
2501, 0, 54, 465, 260, 46, 0.01%, 0, 0, 2, 42.74, 192502, 504
2506, 0, 54, 465, 260, 46, 0.01%, 0, 0, 2, 45.17, 192697, 504
2512, 0, 54, 465, 260, 46, 0.01%, 0, 0, 2, 40.40, 192860, 504
2517, 0, 54, 466, 261, 46, 0.01%, 0, 0, 2, 41.07, 193061, 505
2522, 0, 54, 466, 261, 46, 0.01%, 0, 0, 2, 45.54, 193282, 505
2527, 0, 54, 466, 261, 46, 0.01%, 0, 0, 2, 45.85, 193497, 505
2532, 0, 54, 467, 262, 46, 0.01%, 0, 0, 2, 43.33, 193698, 506
2537, 0, 54, 468, 263, 46, 0.01%, 0, 0, 2, 43.73, 193901, 510
2542, 0, 54, 468, 263, 46, 0.01%, 0, 0, 2, 44.70, 194134, 510
2548, 0, 54, 468, 263, 46, 0.01%, 0, 0, 2, 46.97, 194323, 510
2553, 0, 54, 469, 264, 46, 0.01%, 0, 0, 2, 3.45, 194501, 511
2558, 0, 54, 470, 265, 46, 0.01%, 0, 0, 2, 37.44, 194674, 512
2563, 0, 54, 470, 265, 46, 0.01%, 0, 0, 2, 43.35, 194828, 512
2569, 0, 54, 470, 265, 46, 0.01%, 0, 0, 2, 40.12, 195009, 512
2574, 0, 54, 470, 265, 46, 0.01%, 0, 0, 2, 40.81, 195169, 512
2579, 0, 54, 470, 265, 46, 0.01%, 0, 0, 2, 39.40, 195342, 512
2585, 0, 54, 470, 265, 46, 0.01%, 0, 0, 2, 55.55, 195515, 512
2590, 0, 54, 470, 265, 46, 0.01%, 0, 0, 2, 45.30, 195722, 512
2595, 0, 54, 470, 265, 46, 0.01%, 0, 0, 2, 43.54, 195908, 512
2600, 0, 54, 470, 265, 46, 0.01%, 0, 0, 2, 42.27, 196098, 512
2605, 0, 54, 470, 265, 46, 0.01%, 0, 0, 2, 6.04, 196261, 512
2610, 0, 54, 471, 266, 46, 0.01%, 0, 0, 2, 43.85, 196475, 513
2616, 0, 54, 471, 266, 46, 0.01%, 0, 0, 2, 49.97, 196694, 513
2621, 0, 54, 471, 266, 46, 0.01%, 0, 0, 2, 51.16, 196951, 513
2626, 0, 54, 471, 266, 46, 0.01%, 0, 0, 2, 47.42, 197158, 513
2631, 0, 54, 471, 266, 46, 0.01%, 0, 0, 2, 41.42, 197344, 513
2636, 0, 54, 471, 266, 46, 0.01%, 0, 0, 2, 47.73, 197546, 513
2641, 0, 54, 471, 266, 46, 0.01%, 0, 0, 2, 47.53, 197726, 513
2646, 0, 54, 471, 266, 46, 0.01%, 0, 0, 2, 44.59, 197938, 513
2651, 0, 54, 471, 266, 46, 0.01%, 0, 0, 2, 44.68, 198155, 513
2657, 0, 54, 471, 266, 46, 0.01%, 0, 0, 2, 42.14, 198349, 513
2662, 0, 54, 472, 267, 46, 0.01%, 0, 0, 2, 43.92, 198568, 514
2667, 0, 54, 473, 268, 46, 0.01%, 0, 0, 2, 41.44, 198746, 515
2672, 0, 54, 473, 268, 46, 0.01%, 0, 0, 2, 42.37, 198949, 515
2678, 0, 54, 473, 268, 46, 0.01%, 0, 0, 2, 6.07, 199122, 515
2683, 0, 54, 473, 268, 46, 0.01%, 0, 0, 2, 43.81, 199312, 515
2688, 0, 54, 474, 269, 46, 0.01%, 0, 0, 2, 51.07, 199502, 516
2694, 0, 54, 474, 269, 46, 0.01%, 0, 0, 2, 42.59, 199696, 516
2699, 0, 54, 474, 269, 46, 0.01%, 0, 0, 2, 44.40, 199907, 516
2704, 0, 54, 474, 269, 46, 0.01%, 0, 0, 2, 46.81, 200121, 516
2709, 0, 54, 474, 269, 46, 0.01%, 0, 0, 2, 43.77, 200329, 516
2714, 0, 54, 474, 269, 46, 0.01%, 0, 0, 2, 44.00, 200531, 516
2719, 0, 54, 474, 269, 46, 0.01%, 0, 0, 2, 47.20, 200766, 516
2724, 0, 54, 474, 269, 46, 0.01%, 0, 0, 2, 48.15, 201020, 516
2730, 0, 54, 474, 269, 46, 0.01%, 0, 0, 2, 47.11, 201255, 516
2735, 0, 54, 474, 269, 46, 0.01%, 0, 0, 2, 46.02, 201467, 516
2740, 0, 54, 474, 269, 46, 0.01%, 0, 0, 2, 30.85, 201676, 516
2745, 0, 54, 474, 269, 46, 0.01%, 0, 0, 2, 39.21, 201868, 516
2750, 0, 54, 474, 269, 46, 0.01%, 0, 0, 2, 40.73, 202059, 516
2755, 0, 54, 474, 269, 46, 0.01%, 0, 0, 2, 44.35, 202268, 516
2760, 0, 54, 474, 269, 46, 0.01%, 0, 0, 2, 46.46, 202500, 516
2766, 0, 54, 474, 269, 46, 0.01%, 0, 0, 2, 48.12, 202705, 516
2771, 0, 54, 474, 269, 46, 0.01%, 0, 0, 2, 47.17, 202902, 516
2776, 0, 54, 474, 269, 46, 0.01%, 0, 0, 2, 43.44, 203100, 516
2781, 0, 54, 474, 269, 46, 0.01%, 0, 0, 2, 43.60, 203307, 516
2786, 0, 54, 474, 269, 46, 0.01%, 0, 0, 2, 46.05, 203521, 516
2791, 0, 54, 474, 269, 46, 0.01%, 0, 0, 2, 33.48, 203683, 516
2796, 0, 54, 474, 269, 46, 0.01%, 0, 0, 2, 37.92, 203873, 516
2802, 0, 54, 474, 269, 46, 0.01%, 0, 0, 2, 38.27, 204061, 516
2807, 0, 54, 474, 269, 46, 0.01%, 0, 0, 2, 43.90, 204288, 516
2812, 0, 54, 474, 269, 46, 0.01%, 0, 0, 2, 47.98, 204532, 516
2817, 0, 54, 474, 269, 46, 0.01%, 0, 0, 2, 44.31, 204728, 516
2822, 0, 54, 474, 269, 46, 0.01%, 0, 0, 2, 43.34, 204924, 516
2827, 0, 54, 474, 269, 46, 0.01%, 0, 0, 2, 45.95, 205146, 516
3038, 0, 54, 474, 269, 46, 0.01%, 0, 0, 2, 0.00, 205157, 516
3043, 0, 54, 474, 269, 46, 0.01%, 0, 0, 2, 39.76, 205359, 516
3048, 0, 54, 474, 269, 46, 0.01%, 0, 0, 2, 45.84, 205557, 516
3053, 0, 54, 474, 269, 46, 0.01%, 0, 0, 2, 45.03, 205767, 516
3058, 0, 54, 474, 269, 46, 0.01%, 0, 0, 2, 43.84, 205963, 516
3063, 0, 54, 474, 269, 46, 0.01%, 0, 0, 2, 42.00, 206142, 516
3069, 0, 54, 474, 269, 46, 0.01%, 0, 0, 2, 39.43, 206309, 516
3074, 0, 54, 474, 269, 46, 0.01%, 0, 0, 2, 38.87, 206472, 516
3079, 0, 54, 474, 269, 46, 0.01%, 0, 0, 2, 38.60, 206635, 516
3084, 0, 54, 474, 269, 46, 0.01%, 0, 0, 2, 43.97, 206795, 516
3089, 0, 54, 474, 269, 46, 0.01%, 0, 0, 2, 44.11, 206947, 516
3094, 0, 54, 474, 269, 46, 0.01%, 0, 0, 2, 51.14, 207110, 516
3100, 0, 54, 474, 269, 46, 0.01%, 0, 0, 2, 4.57, 207253, 516
3105, 0, 54, 474, 269, 46, 0.01%, 0, 0, 2, 36.25, 207401, 516
3110, 0, 54, 474, 269, 46, 0.01%, 0, 0, 2, 44.22, 207582, 516
3115, 0, 54, 474, 269, 46, 0.01%, 0, 0, 2, 38.24, 207786, 516
3120, 0, 54, 474, 269, 46, 0.01%, 0, 0, 2, 1.56, 207908, 516
3125, 0, 54, 474, 269, 46, 0.01%, 0, 0, 2, 42.81, 208082, 516
3130, 0, 56, 475, 269, 62, 0.01%, 0, 0, 2, 7.33, 208325, 516
3136, 0, 56, 475, 269, 62, 0.01%, 0, 0, 2, 118.93, 208818, 516
3141, 0, 56, 475, 269, 62, 0.01%, 0, 0, 2, 98.34, 209302, 516
3146, 0, 56, 475, 269, 62, 0.01%, 0, 0, 2, 98.67, 209772, 516
3151, 0, 56, 475, 269, 62, 0.01%, 0, 0, 2, 104.59, 210280, 516
3156, 0, 56, 475, 269, 62, 0.01%, 0, 0, 2, 101.13, 210700, 516
3161, 0, 56, 475, 269, 62, 0.01%, 0, 0, 2, 104.50, 211126, 516
3167, 0, 56, 475, 269, 62, 0.01%, 0, 0, 2, 112.32, 211686, 516
3172, 0, 56, 475, 269, 62, 0.01%, 0, 0, 2, 111.14, 212196, 516
3177, 0, 56, 475, 269, 62, 0.01%, 0, 0, 2, 111.93, 212718, 516
3182, 0, 56, 475, 269, 62, 0.01%, 0, 0, 2, 114.41, 213286, 516
3187, 0, 56, 475, 269, 62, 0.01%, 0, 0, 2, 107.91, 213798, 516
3192, 0, 56, 475, 269, 62, 0.01%, 0, 0, 2, 131.18, 214330, 516
3197, 0, 56, 475, 269, 62, 0.01%, 0, 0, 2, 137.60, 214898, 516
3202, 0, 56, 475, 269, 62, 0.01%, 0, 0, 2, 122.41, 215448, 516
3207, 0, 56, 475, 269, 62, 0.01%, 0, 0, 2, 107.45, 215902, 516
3213, 0, 56, 475, 269, 62, 0.01%, 0, 0, 2, 113.97, 216448, 516
3218, 0, 56, 475, 269, 62, 0.01%, 0, 0, 2, 50.97, 216900, 516
3223, 0, 56, 475, 269, 62, 0.01%, 0, 0, 2, 100.12, 217432, 516
3228, 0, 56, 475, 269, 62, 0.01%, 0, 0, 2, 79.81, 217794, 516
3233, 0, 56, 475, 269, 62, 0.01%, 0, 0, 2, 85.15, 218168, 516
3238, 0, 56, 475, 269, 62, 0.01%, 0, 0, 2, 95.97, 218636, 516
3244, 0, 56, 475, 269, 62, 0.01%, 0, 0, 2, 91.95, 219043, 516
3249, 0, 56, 475, 269, 62, 0.01%, 0, 0, 2, 88.48, 219415, 516
3254, 0, 56, 475, 269, 62, 0.01%, 0, 0, 2, 90.18, 219782, 516
3259, 0, 56, 475, 269, 62, 0.01%, 0, 0, 2, 85.22, 220130, 516
3264, 0, 56, 475, 269, 62, 0.01%, 0, 0, 2, 16.92, 220484, 516
3269, 0, 56, 475, 269, 62, 0.01%, 0, 0, 2, 94.80, 220898, 516
3274, 0, 56, 475, 269, 62, 0.01%, 0, 0, 2, 89.30, 221272, 516
3280, 0, 56, 475, 269, 62, 0.01%, 0, 0, 2, 83.72, 221627, 516
3285, 0, 56, 475, 269, 62, 0.01%, 0, 0, 2, 138.76, 222076, 516
3290, 0, 56, 475, 269, 62, 0.01%, 0, 0, 2, 113.03, 222520, 516
3296, 0, 56, 475, 269, 62, 0.01%, 0, 0, 2, 105.70, 222962, 516
3301, 0, 56, 475, 269, 62, 0.01%, 0, 0, 2, 58.82, 223336, 516
3306, 0, 56, 475, 269, 62, 0.01%, 0, 0, 2, 92.44, 223728, 516
3311, 0, 56, 475, 269, 62, 0.01%, 0, 0, 2, 141.29, 224244, 516
3316, 0, 56, 475, 269, 62, 0.01%, 0, 0, 2, 132.66, 224886, 516
3322, 0, 56, 475, 269, 62, 0.01%, 0, 0, 2, 115.32, 225384, 516
3327, 0, 56, 475, 269, 62, 0.01%, 0, 0, 2, 13.99, 225866, 516
3332, 0, 56, 475, 269, 62, 0.01%, 0, 0, 2, 25.79, 226310, 516
3337, 0, 56, 475, 269, 62, 0.01%, 0, 0, 2, 99.54, 226734, 516
3342, 0, 56, 475, 269, 62, 0.01%, 0, 0, 2, 122.17, 227082, 516
3347, 0, 56, 475, 269, 62, 0.01%, 0, 0, 2, 107.21, 227424, 516
3352, 0, 56, 475, 269, 62, 0.01%, 0, 0, 2, 78.91, 227698, 516
3358, 0, 56, 475, 269, 62, 0.01%, 0, 0, 2, 88.12, 228000, 516
3363, 0, 56, 475, 269, 62, 0.01%, 0, 0, 2, 75.33, 228289, 516
3368, 0, 56, 475, 269, 62, 0.01%, 0, 0, 2, 74.77, 228608, 516
3373, 0, 56, 475, 269, 62, 0.01%, 0, 0, 2, 78.21, 228934, 516
3379, 0, 56, 475, 269, 62, 0.01%, 0, 0, 2, 87.37, 229366, 516
3384, 0, 56, 475, 269, 62, 0.01%, 0, 0, 2, 107.57, 229844, 516
3389, 0, 56, 475, 269, 62, 0.01%, 0, 0, 2, 111.28, 230306, 516
3394, 0, 56, 475, 269, 62, 0.01%, 0, 0, 2, 104.67, 230714, 516
3399, 0, 56, 475, 269, 62, 0.01%, 0, 0, 2, 121.53, 231158, 516
3404, 0, 56, 475, 269, 62, 0.01%, 0, 0, 2, 109.02, 231698, 516
3409, 0, 56, 475, 269, 62, 0.01%, 0, 0, 2, 101.16, 232170, 516
3414, 0, 56, 475, 269, 62, 0.01%, 0, 0, 2, 108.39, 232676, 516
3419, 0, 56, 475, 269, 62, 0.01%, 0, 0, 2, 107.50, 233154, 516
3425, 0, 56, 475, 269, 62, 0.01%, 0, 0, 2, 118.49, 233500, 516
3430, 0, 56, 475, 269, 62, 0.01%, 0, 0, 2, 118.97, 233916, 516
3435, 0, 56, 475, 269, 62, 0.01%, 0, 0, 2, 104.79, 234360, 516
3440, 0, 56, 475, 269, 62, 0.01%, 0, 0, 2, 103.08, 234850, 516
3445, 0, 56, 475, 269, 62, 0.01%, 0, 0, 2, 79.30, 235293, 516
3450, 0, 56, 475, 269, 62, 0.01%, 0, 0, 2, 167.35, 235757, 516
3456, 0, 56, 475, 269, 62, 0.01%, 0, 0, 2, 137.44, 236334, 516
3461, 0, 56, 475, 269, 62, 0.01%, 0, 0, 2, 111.04, 236806, 516
3466, 0, 56, 475, 269, 62, 0.01%, 0, 0, 2, 103.44, 237294, 516
3471, 0, 56, 475, 269, 62, 0.01%, 0, 0, 2, 112.58, 237872, 516
3476, 0, 56, 475, 269, 62, 0.01%, 0, 0, 2, 118.22, 238438, 516
3481, 0, 56, 475, 269, 62, 0.01%, 0, 0, 2, 119.43, 238996, 516
3486, 0, 56, 475, 269, 62, 0.01%, 0, 0, 2, 110.78, 239502, 516
3491, 0, 56, 475, 269, 62, 0.01%, 0, 0, 2, 114.22, 240056, 516
3496, 0, 56, 475, 269, 62, 0.01%, 0, 0, 2, 98.48, 240492, 516
3502, 0, 56, 475, 269, 62, 0.01%, 0, 0, 2, 86.86, 240860, 516
3507, 0, 68, 485, 278, 62, 0.01%, 0, 0, 2, 106.14, 241346, 525
3512, 0, 68, 485, 278, 62, 0.01%, 0, 0, 2, 117.30, 241906, 525
3517, 0, 68, 485, 278, 62, 0.01%, 0, 0, 2, 112.23, 242346, 525
3522, 0, 68, 485, 278, 62, 0.01%, 0, 0, 2, 105.28, 242800, 525
3527, 0, 68, 485, 278, 62, 0.01%, 0, 0, 2, 115.20, 243348, 525
3532, 0, 68, 485, 278, 62, 0.01%, 0, 0, 2, 132.27, 244024, 525
3537, 0, 68, 485, 278, 62, 0.01%, 0, 0, 2, 132.55, 244674, 525
3542, 0, 68, 485, 278, 62, 0.01%, 0, 0, 2, 130.04, 245292, 525
3548, 0, 68, 485, 278, 62, 0.01%, 0, 0, 2, 127.83, 245866, 525
3553, 0, 68, 485, 278, 62, 0.01%, 0, 0, 2, 125.91, 246434, 525
3558, 0, 68, 485, 278, 62, 0.01%, 0, 0, 2, 132.88, 247084, 525
3563, 0, 68, 485, 278, 62, 0.01%, 0, 0, 2, 134.12, 247736, 525
3568, 0, 68, 485, 278, 62, 0.01%, 0, 0, 2, 129.00, 248326, 525
3573, 0, 68, 485, 278, 62, 0.01%, 0, 0, 2, 132.23, 248976, 525
3578, 0, 68, 485, 278, 62, 0.01%, 0, 0, 2, 137.96, 249650, 525
3583, 0, 68, 485, 278, 62, 0.01%, 0, 0, 2, 137.81, 250294, 525
3589, 0, 68, 485, 278, 62, 0.01%, 0, 0, 2, 138.30, 250970, 525
3594, 0, 68, 485, 278, 62, 0.01%, 0, 0, 2, 129.03, 251624, 525
3599, 0, 68, 485, 278, 62, 0.01%, 0, 0, 2, 151.47, 252172, 525
3604, 0, 68, 485, 278, 62, 0.01%, 0, 0, 2, 115.76, 252628, 525
3609, 0, 68, 485, 278, 62, 0.01%, 0, 0, 2, 119.87, 253104, 525
3614, 0, 68, 485, 278, 62, 0.01%, 0, 0, 2, 127.35, 253580, 525
3620, 0, 68, 485, 278, 62, 0.01%, 0, 0, 2, 113.01, 254100, 525
3625, 0, 68, 485, 278, 62, 0.01%, 0, 0, 2, 99.54, 254552, 525
3630, 0, 68, 485, 278, 62, 0.01%, 0, 0, 2, 111.49, 255070, 525
3635, 0, 68, 485, 278, 62, 0.01%, 0, 0, 2, 113.20, 255594, 525
3640, 0, 68, 485, 278, 62, 0.01%, 0, 0, 2, 100.61, 256054, 525
3645, 0, 68, 485, 278, 62, 0.01%, 0, 0, 2, 129.82, 256554, 525
3650, 0, 68, 485, 278, 62, 0.01%, 0, 0, 2, 110.05, 256996, 525
3656, 0, 68, 485, 278, 62, 0.01%, 0, 0, 2, 100.99, 257434, 525
3661, 0, 68, 485, 278, 62, 0.01%, 0, 0, 2, 95.60, 257886, 525
3663, 0, 70, 485, 278, 62, 0.01%, 0, 0, 2, 106.77, 258137, 525
