# relative_time, cycles_done, cur_item, corpus_count, pending_total, pending_favs, map_size, saved_crashes, saved_hangs, max_depth, execs_per_sec, total_execs, edges_found
62, 0, 4, 370, 168, 21, 0.00%, 0, 0, 2, 82.85, 7030, 359
67, 0, 4, 370, 168, 21, 0.00%, 0, 0, 2, 13.23, 7293, 359
72, 0, 4, 370, 168, 21, 0.00%, 0, 0, 2, 31.41, 7625, 359
77, 0, 4, 371, 169, 21, 0.00%, 0, 0, 2, 50.89, 7874, 362
83, 0, 4, 371, 169, 21, 0.00%, 0, 0, 2, 15.13, 8275, 362
88, 0, 4, 371, 169, 21, 0.00%, 0, 0, 2, 93.19, 8655, 362
94, 0, 4, 371, 169, 21, 0.00%, 0, 0, 2, 97.53, 9129, 362
100, 0, 367, 372, 169, 25, 0.00%, 0, 0, 2, 86.96, 9673, 363
105, 0, 358, 375, 171, 24, 0.00%, 0, 0, 2, 87.24, 10074, 365
110, 0, 358, 376, 172, 24, 0.00%, 0, 0, 2, 102.31, 10551, 366
115, 0, 358, 378, 174, 24, 0.00%, 0, 0, 2, 114.61, 11030, 369
120, 0, 358, 380, 176, 24, 0.00%, 0, 0, 2, 110.62, 11552, 371
126, 0, 358, 380, 176, 24, 0.00%, 0, 0, 2, 107.04, 12082, 371
131, 0, 358, 380, 176, 24, 0.00%, 0, 0, 2, 116.85, 12648, 371
137, 0, 358, 380, 176, 24, 0.00%, 0, 0, 2, 110.67, 13162, 371
142, 0, 358, 380, 176, 24, 0.00%, 0, 0, 2, 109.44, 13686, 371
147, 0, 358, 380, 176, 24, 0.00%, 0, 0, 2, 100.36, 14162, 371
153, 0, 358, 380, 176, 24, 0.00%, 0, 0, 2, 107.77, 14676, 371
158, 0, 358, 380, 176, 24, 0.00%, 0, 0, 2, 102.94, 15122, 371
163, 0, 358, 380, 176, 24, 0.00%, 0, 0, 2, 121.43, 15546, 371
168, 0, 358, 380, 176, 24, 0.00%, 0, 0, 2, 6.60, 15968, 371
173, 0, 358, 380, 176, 24, 0.00%, 0, 0, 2, 105.25, 16478, 371
179, 0, 358, 380, 176, 24, 0.00%, 0, 0, 2, 135.53, 17008, 371
184, 0, 358, 380, 176, 24, 0.00%, 0, 0, 2, 72.69, 17482, 371
189, 0, 358, 380, 176, 24, 0.00%, 0, 0, 2, 98.43, 17940, 371
194, 0, 358, 380, 176, 24, 0.00%, 0, 0, 2, 94.05, 18390, 371
199, 0, 358, 380, 176, 24, 0.00%, 0, 0, 2, 100.98, 18860, 371
205, 0, 358, 380, 176, 24, 0.00%, 0, 0, 2, 108.00, 19348, 371
210, 0, 358, 380, 176, 24, 0.00%, 0, 0, 2, 26.55, 19840, 371
215, 0, 358, 380, 176, 24, 0.00%, 0, 0, 2, 102.10, 20260, 371
220, 0, 358, 380, 176, 24, 0.00%, 0, 0, 2, 101.05, 20684, 371
225, 0, 358, 380, 176, 24, 0.00%, 0, 0, 2, 18.13, 21128, 371
230, 0, 358, 380, 176, 24, 0.00%, 0, 0, 2, 114.93, 21606, 371
235, 0, 358, 380, 176, 24, 0.00%, 0, 0, 2, 104.23, 22068, 371
241, 0, 358, 380, 176, 24, 0.00%, 0, 0, 2, 21.60, 22456, 371
246, 0, 358, 380, 176, 24, 0.00%, 0, 0, 2, 15.69, 22884, 371
252, 0, 358, 380, 176, 24, 0.00%, 0, 0, 2, 101.89, 23354, 371
257, 0, 358, 380, 176, 24, 0.00%, 0, 0, 2, 116.58, 23854, 371
262, 0, 358, 380, 176, 24, 0.00%, 0, 0, 2, 113.82, 24344, 371
267, 0, 358, 380, 176, 24, 0.00%, 0, 0, 2, 113.19, 24860, 371
272, 0, 358, 380, 176, 24, 0.00%, 0, 0, 2, 156.76, 25365, 371
277, 0, 358, 380, 176, 24, 0.00%, 0, 0, 2, 53.11, 25760, 371
282, 0, 358, 380, 176, 24, 0.00%, 0, 0, 2, 79.77, 26161, 371
288, 0, 358, 380, 176, 24, 0.00%, 0, 0, 2, 88.38, 26533, 371
293, 0, 358, 380, 176, 24, 0.00%, 0, 0, 2, 100.09, 26975, 371
298, 0, 358, 380, 176, 24, 0.00%, 0, 0, 2, 104.24, 27412, 371
303, 0, 358, 380, 176, 24, 0.00%, 0, 0, 2, 108.01, 27864, 371
308, 0, 172, 381, 176, 28, 0.00%, 0, 0, 2, 99.44, 28323, 372
314, 0, 172, 383, 178, 28, 0.00%, 0, 0, 2, 21.19, 28792, 377
319, 0, 172, 385, 180, 28, 0.00%, 0, 0, 2, 119.21, 29324, 380
324, 0, 172, 386, 181, 28, 0.00%, 0, 0, 2, 110.26, 29782, 381
329, 0, 172, 386, 181, 28, 0.00%, 0, 0, 2, 97.04, 30188, 381
334, 0, 172, 387, 182, 28, 0.00%, 0, 0, 2, 96.57, 30599, 382
340, 0, 172, 387, 182, 28, 0.00%, 0, 0, 2, 121.33, 31197, 382
345, 0, 172, 387, 182, 28, 0.00%, 0, 0, 2, 137.35, 31869, 382
350, 0, 172, 387, 182, 28, 0.00%, 0, 0, 2, 134.76, 32465, 382
355, 0, 172, 387, 182, 28, 0.00%, 0, 0, 2, 126.63, 33075, 382
360, 0, 172, 387, 182, 28, 0.00%, 0, 0, 2, 7.43, 33657, 382
365, 0, 172, 387, 182, 28, 0.00%, 0, 0, 2, 114.36, 34211, 382
370, 0, 172, 387, 182, 28, 0.00%, 0, 0, 2, 161.23, 34671, 382
376, 0, 172, 387, 182, 28, 0.00%, 0, 0, 2, 136.17, 35245, 382
381, 0, 172, 387, 182, 28, 0.00%, 0, 0, 2, 135.79, 35667, 382
386, 0, 172, 387, 182, 28, 0.00%, 0, 0, 2, 151.24, 36189, 382
391, 0, 172, 387, 182, 28, 0.00%, 0, 0, 2, 7.43, 36805, 382
397, 0, 172, 387, 182, 28, 0.00%, 0, 0, 2, 21.95, 37389, 382
402, 0, 172, 387, 182, 28, 0.00%, 0, 0, 2, 103.82, 37807, 382
407, 0, 172, 387, 182, 28, 0.00%, 0, 0, 2, 124.19, 38411, 382
412, 0, 172, 387, 182, 28, 0.00%, 0, 0, 2, 92.67, 38942, 382
417, 0, 172, 387, 182, 28, 0.00%, 0, 0, 2, 108.52, 39401, 382
422, 0, 172, 387, 182, 28, 0.00%, 0, 0, 2, 27.01, 40069, 382
428, 0, 172, 387, 182, 28, 0.00%, 0, 0, 2, 23.67, 40593, 382
433, 0, 172, 387, 182, 28, 0.00%, 0, 0, 2, 95.02, 41199, 382
438, 0, 172, 387, 182, 28, 0.00%, 0, 0, 2, 103.91, 41733, 382
444, 0, 172, 387, 182, 28, 0.00%, 0, 0, 2, 145.22, 42324, 382
449, 0, 172, 387, 182, 28, 0.00%, 0, 0, 2, 123.48, 42867, 382
454, 0, 172, 387, 182, 28, 0.00%, 0, 0, 2, 117.76, 43397, 382
459, 0, 172, 387, 182, 28, 0.00%, 0, 0, 2, 118.33, 43907, 382
465, 0, 172, 387, 182, 28, 0.00%, 0, 0, 2, 84.52, 44314, 382
470, 0, 172, 387, 182, 28, 0.00%, 0, 0, 2, 95.51, 44742, 382
475, 0, 172, 387, 182, 28, 0.00%, 0, 0, 2, 108.94, 45259, 382
480, 0, 172, 387, 182, 28, 0.00%, 0, 0, 2, 99.92, 45725, 382
486, 0, 172, 387, 182, 28, 0.00%, 0, 0, 2, 107.26, 46191, 382
491, 0, 172, 387, 182, 28, 0.00%, 0, 0, 2, 123.45, 46719, 382
496, 0, 172, 387, 182, 28, 0.00%, 0, 0, 2, 150.41, 47187, 382
501, 0, 172, 387, 182, 28, 0.00%, 0, 0, 2, 72.84, 47577, 382
507, 0, 172, 387, 182, 28, 0.00%, 0, 0, 2, 84.11, 48018, 382
512, 0, 172, 387, 182, 28, 0.00%, 0, 0, 2, 106.27, 48521, 382
517, 0, 172, 387, 182, 28, 0.00%, 0, 0, 2, 99.53, 48905, 382
523, 0, 172, 387, 182, 28, 0.00%, 0, 0, 2, 16.73, 49326, 382
528, 0, 172, 387, 182, 28, 0.00%, 0, 0, 2, 116.60, 49735, 382
533, 0, 172, 387, 182, 28, 0.00%, 0, 0, 2, 117.45, 50207, 382
538, 0, 172, 387, 182, 28, 0.00%, 0, 0, 2, 122.33, 50727, 382
543, 0, 172, 387, 182, 28, 0.00%, 0, 0, 2, 121.36, 51271, 382
548, 0, 172, 387, 182, 28, 0.00%, 0, 0, 2, 115.78, 51775, 382
554, 0, 172, 387, 182, 28, 0.00%, 0, 0, 2, 110.73, 52273, 382
559, 0, 172, 387, 182, 28, 0.00%, 0, 0, 2, 114.06, 52781, 382
564, 0, 172, 387, 182, 28, 0.00%, 0, 0, 2, 129.58, 53389, 382
569, 0, 172, 387, 182, 28, 0.00%, 0, 0, 2, 148.43, 54139, 382
574, 0, 172, 387, 182, 28, 0.00%, 0, 0, 2, 127.79, 54671, 382
579, 0, 172, 387, 182, 28, 0.00%, 0, 0, 2, 131.24, 55275, 382
585, 0, 172, 387, 182, 28, 0.00%, 0, 0, 2, 24.45, 55807, 382
590, 0, 172, 387, 182, 28, 0.00%, 0, 0, 2, 120.55, 56341, 382
595, 0, 172, 387, 182, 28, 0.00%, 0, 0, 2, 16.48, 56901, 382
600, 0, 172, 387, 182, 28, 0.00%, 0, 0, 2, 116.77, 57461, 382
605, 0, 172, 387, 182, 28, 0.00%, 0, 0, 2, 127.12, 58067, 382
610, 0, 172, 387, 182, 28, 0.00%, 0, 0, 2, 24.54, 58667, 382
616, 0, 172, 387, 182, 28, 0.00%, 0, 0, 2, 8.44, 59205, 382
621, 0, 172, 387, 182, 28, 0.00%, 0, 0, 2, 146.65, 59721, 382
626, 0, 172, 387, 182, 28, 0.00%, 0, 0, 2, 79.83, 60239, 382
631, 0, 172, 387, 182, 28, 0.00%, 0, 0, 2, 100.92, 60749, 382
636, 0, 168, 389, 182, 33, 0.00%, 0, 0, 2, 123.78, 61292, 384
642, 0, 168, 391, 184, 33, 0.00%, 0, 0, 2, 245.45, 62720, 385
647, 0, 168, 391, 184, 33, 0.00%, 0, 0, 2, 262.05, 64098, 385
652, 0, 168, 391, 184, 33, 0.00%, 0, 0, 2, 270.66, 65463, 385
657, 0, 168, 392, 185, 33, 0.00%, 0, 0, 2, 271.78, 66850, 390
662, 0, 168, 393, 186, 33, 0.00%, 0, 0, 2, 261.69, 68167, 390
667, 0, 352, 393, 185, 32, 0.00%, 0, 0, 2, 26.88, 69454, 390
673, 0, 352, 393, 185, 32, 0.00%, 0, 0, 2, 86.32, 69953, 390
678, 0, 352, 394, 186, 32, 0.00%, 0, 0, 2, 107.96, 70517, 391
683, 0, 352, 394, 186, 32, 0.00%, 0, 0, 2, 121.64, 71105, 391
688, 0, 352, 394, 186, 32, 0.00%, 0, 0, 2, 144.47, 71647, 391
693, 0, 352, 394, 186, 32, 0.00%, 0, 0, 2, 154.68, 72173, 391
699, 0, 352, 394, 186, 32, 0.00%, 0, 0, 2, 17.51, 72817, 391
704, 0, 352, 394, 186, 32, 0.00%, 0, 0, 2, 151.94, 73448, 391
709, 0, 352, 394, 186, 32, 0.00%, 0, 0, 2, 152.06, 74159, 391
714, 0, 352, 394, 186, 32, 0.00%, 0, 0, 2, 147.29, 74819, 391
719, 0, 352, 394, 186, 32, 0.00%, 0, 0, 2, 27.52, 75413, 391
724, 0, 352, 394, 186, 32, 0.00%, 0, 0, 2, 165.21, 75947, 391
729, 0, 352, 394, 186, 32, 0.00%, 0, 0, 2, 143.44, 76535, 391
734, 0, 352, 394, 186, 32, 0.00%, 0, 0, 2, 160.00, 77213, 391
740, 0, 352, 394, 186, 32, 0.00%, 0, 0, 2, 54.79, 77725, 391
745, 0, 352, 394, 186, 32, 0.00%, 0, 0, 2, 95.30, 78219, 391
750, 0, 352, 394, 186, 32, 0.00%, 0, 0, 2, 101.69, 78651, 391
755, 0, 352, 394, 186, 32, 0.00%, 0, 0, 2, 103.25, 79137, 391
761, 0, 352, 394, 186, 32, 0.00%, 0, 0, 2, 145.53, 79655, 391
766, 0, 352, 394, 186, 32, 0.00%, 0, 0, 2, 128.63, 80217, 391
771, 0, 352, 394, 186, 32, 0.00%, 0, 0, 2, 14.85, 80833, 391
776, 0, 352, 394, 186, 32, 0.00%, 0, 0, 2, 143.21, 81465, 391
781, 0, 352, 394, 186, 32, 0.00%, 0, 0, 2, 132.86, 82053, 391
787, 0, 352, 394, 186, 32, 0.00%, 0, 0, 2, 127.64, 82635, 391
792, 0, 352, 394, 186, 32, 0.00%, 0, 0, 2, 123.10, 83217, 391
797, 0, 352, 394, 186, 32, 0.00%, 0, 0, 2, 129.35, 83833, 391
802, 0, 352, 394, 186, 32, 0.00%, 0, 0, 2, 118.50, 84383, 391
807, 0, 352, 394, 186, 32, 0.00%, 0, 0, 2, 22.61, 84941, 391
813, 0, 352, 394, 186, 32, 0.00%, 0, 0, 2, 5.36, 85451, 391
818, 0, 352, 394, 186, 32, 0.00%, 0, 0, 2, 116.59, 85955, 391
823, 0, 352, 394, 186, 32, 0.00%, 0, 0, 2, 107.55, 86429, 391
828, 0, 352, 394, 186, 32, 0.00%, 0, 0, 2, 112.72, 86919, 391
833, 0, 352, 394, 186, 32, 0.00%, 0, 0, 2, 168.32, 87369, 391
838, 0, 352, 394, 186, 32, 0.00%, 0, 0, 2, 65.87, 87838, 391
844, 0, 352, 394, 186, 32, 0.00%, 0, 0, 2, 111.13, 88329, 391
849, 0, 352, 394, 186, 32, 0.00%, 0, 0, 2, 131.37, 88849, 391
854, 0, 352, 394, 186, 32, 0.00%, 0, 0, 2, 120.74, 89353, 391
859, 0, 352, 394, 186, 32, 0.00%, 0, 0, 2, 114.64, 89831, 391
864, 0, 352, 394, 186, 32, 0.00%, 0, 0, 2, 107.65, 90175, 391
870, 0, 352, 394, 186, 32, 0.00%, 0, 0, 2, 135.62, 90741, 391
875, 0, 352, 394, 186, 32, 0.00%, 0, 0, 2, 113.53, 91263, 391
880, 0, 352, 394, 186, 32, 0.00%, 0, 0, 2, 110.58, 91793, 391
885, 0, 352, 394, 186, 32, 0.00%, 0, 0, 2, 120.21, 92341, 391
891, 0, 352, 394, 186, 32, 0.00%, 0, 0, 2, 10.81, 92835, 391
896, 0, 352, 394, 186, 32, 0.00%, 0, 0, 2, 137.24, 93403, 391
901, 0, 352, 394, 186, 32, 0.00%, 0, 0, 2, 161.19, 94016, 391
907, 0, 377, 394, 185, 32, 0.00%, 0, 0, 2, 155.79, 94643, 391
912, 0, 377, 394, 185, 32, 0.00%, 0, 0, 2, 141.69, 95303, 391
918, 0, 377, 394, 185, 32, 0.00%, 0, 0, 2, 129.12, 95877, 391
923, 0, 377, 394, 185, 32, 0.00%, 0, 0, 2, 123.59, 96443, 391
928, 0, 377, 394, 185, 32, 0.00%, 0, 0, 2, 130.28, 97075, 391
933, 0, 377, 394, 185, 32, 0.00%, 0, 0, 2, 39.28, 97794, 391
938, 0, 377, 394, 185, 32, 0.00%, 0, 0, 2, 107.87, 98421, 391
943, 0, 377, 394, 185, 32, 0.00%, 0, 0, 2, 137.76, 99121, 391
948, 0, 377, 394, 185, 32, 0.00%, 0, 0, 2, 155.05, 99887, 391
954, 0, 377, 394, 185, 32, 0.00%, 0, 0, 2, 143.07, 100461, 391
959, 0, 377, 394, 185, 32, 0.00%, 0, 0, 2, 134.09, 101045, 391
964, 0, 377, 394, 185, 32, 0.00%, 0, 0, 2, 130.18, 101647, 391
969, 0, 377, 394, 185, 32, 0.00%, 0, 0, 2, 146.34, 102361, 391
974, 0, 377, 394, 185, 32, 0.00%, 0, 0, 2, 160.40, 102935, 391
979, 0, 377, 394, 185, 32, 0.00%, 0, 0, 2, 180.99, 103469, 391
985, 0, 377, 394, 185, 32, 0.00%, 0, 0, 2, 121.84, 103919, 391
990, 0, 377, 394, 185, 32, 0.00%, 0, 0, 2, 103.20, 104331, 391
995, 0, 377, 394, 185, 32, 0.00%, 0, 0, 2, 97.60, 104753, 391
1000, 0, 377, 394, 185, 32, 0.00%, 0, 0, 2, 109.73, 105241, 391
1005, 0, 377, 394, 185, 32, 0.00%, 0, 0, 2, 98.26, 105631, 391
1010, 0, 377, 394, 185, 32, 0.00%, 0, 0, 2, 103.72, 106109, 391
1016, 0, 377, 394, 185, 32, 0.00%, 0, 0, 2, 51.25, 106594, 391
1021, 0, 377, 394, 185, 32, 0.00%, 0, 0, 2, 90.13, 107014, 391
1026, 0, 377, 394, 185, 32, 0.00%, 0, 0, 2, 96.68, 107446, 391
1031, 0, 377, 394, 185, 32, 0.00%, 0, 0, 2, 145.33, 107915, 391
1036, 0, 377, 394, 185, 32, 0.00%, 0, 0, 2, 103.95, 108315, 391
1041, 0, 377, 394, 185, 32, 0.00%, 0, 0, 2, 120.72, 108759, 391
1046, 0, 377, 394, 185, 32, 0.00%, 0, 0, 2, 112.85, 109223, 391
1051, 0, 377, 394, 185, 32, 0.00%, 0, 0, 2, 110.45, 109699, 391
1057, 0, 377, 394, 185, 32, 0.00%, 0, 0, 2, 102.95, 110173, 391
1062, 0, 377, 394, 185, 32, 0.00%, 0, 0, 2, 52.61, 110688, 391
1067, 0, 377, 394, 185, 32, 0.00%, 0, 0, 2, 130.69, 111199, 391
1072, 0, 377, 394, 185, 32, 0.00%, 0, 0, 2, 122.38, 111699, 391
1078, 0, 377, 394, 185, 32, 0.00%, 0, 0, 2, 127.83, 112205, 391
1083, 0, 377, 394, 185, 32, 0.00%, 0, 0, 2, 67.99, 112717, 391
1088, 0, 377, 394, 185, 32, 0.00%, 0, 0, 2, 131.90, 113335, 391
1093, 0, 377, 394, 185, 32, 0.00%, 0, 0, 2, 85.10, 113889, 391
1099, 0, 377, 394, 185, 32, 0.00%, 0, 0, 2, 131.79, 114395, 391
1104, 0, 377, 394, 185, 32, 0.00%, 0, 0, 2, 122.57, 114957, 391
1109, 0, 377, 394, 185, 32, 0.00%, 0, 0, 2, 154.35, 115475, 391
1114, 0, 377, 394, 185, 32, 0.00%, 0, 0, 2, 110.13, 115991, 391
1119, 0, 377, 394, 185, 32, 0.00%, 0, 0, 2, 128.46, 116461, 391
1124, 0, 377, 394, 185, 32, 0.00%, 0, 0, 2, 119.62, 116947, 391
1129, 0, 377, 394, 185, 32, 0.00%, 0, 0, 2, 127.59, 117505, 391
1135, 0, 377, 394, 185, 32, 0.00%, 0, 0, 2, 115.97, 118031, 391
1140, 0, 377, 394, 185, 32, 0.00%, 0, 0, 2, 115.79, 118553, 391
1145, 0, 377, 394, 185, 32, 0.00%, 0, 0, 2, 123.28, 119121, 391
1150, 0, 377, 394, 185, 32, 0.00%, 0, 0, 2, 125.00, 119649, 391
1155, 0, 377, 394, 185, 32, 0.00%, 0, 0, 2, 164.15, 120191, 391
1160, 0, 377, 394, 185, 32, 0.00%, 0, 0, 2, 150.66, 120806, 391
1165, 0, 377, 394, 185, 32, 0.00%, 0, 0, 2, 139.21, 121427, 391
1170, 0, 377, 394, 185, 32, 0.00%, 0, 0, 2, 144.76, 122117, 391
1176, 0, 377, 394, 185, 32, 0.00%, 0, 0, 2, 156.26, 122936, 391
1181, 0, 377, 394, 185, 32, 0.00%, 0, 0, 2, 142.33, 123587, 391
1186, 0, 377, 394, 185, 32, 0.00%, 0, 0, 2, 132.51, 124185, 391
1191, 0, 377, 394, 185, 32, 0.00%, 0, 0, 2, 141.34, 124861, 391
1196, 0, 377, 394, 185, 32, 0.00%, 0, 0, 2, 145.70, 125516, 391
1201, 0, 377, 394, 185, 32, 0.00%, 0, 0, 2, 138.02, 126145, 391
1206, 0, 377, 394, 185, 32, 0.00%, 0, 0, 2, 135.70, 126781, 391
1212, 0, 372, 394, 184, 31, 0.00%, 0, 0, 2, 104.10, 127225, 391
1217, 0, 372, 396, 186, 31, 0.00%, 0, 0, 3, 97.92, 127600, 394
1223, 0, 372, 396, 186, 31, 0.00%, 0, 0, 3, 111.48, 127909, 394
1228, 0, 372, 396, 186, 31, 0.00%, 0, 0, 3, 117.40, 128317, 394
1233, 0, 372, 396, 186, 31, 0.00%, 0, 0, 3, 20.73, 128649, 394
1238, 0, 372, 396, 186, 31, 0.00%, 0, 0, 3, 110.53, 129089, 394
1244, 0, 372, 396, 186, 31, 0.00%, 0, 0, 3, 96.92, 129523, 394
1249, 0, 372, 396, 186, 31, 0.00%, 0, 0, 3, 118.16, 129977, 394
1254, 0, 372, 396, 186, 31, 0.00%, 0, 0, 3, 122.17, 130401, 394
1259, 0, 372, 396, 186, 31, 0.00%, 0, 0, 3, 103.58, 130821, 394
1264, 0, 372, 396, 186, 31, 0.00%, 0, 0, 3, 96.22, 131248, 394
1269, 0, 372, 396, 186, 31, 0.00%, 0, 0, 3, 91.49, 131608, 394
1275, 0, 372, 396, 186, 31, 0.00%, 0, 0, 3, 95.21, 132037, 394
1280, 0, 372, 396, 186, 31, 0.00%, 0, 0, 3, 113.63, 132507, 394
1285, 0, 372, 396, 186, 31, 0.00%, 0, 0, 3, 104.75, 132981, 394
1290, 0, 372, 396, 186, 31, 0.00%, 0, 0, 3, 102.81, 133429, 394
1295, 0, 372, 396, 186, 31, 0.00%, 0, 0, 3, 109.78, 133945, 394
1300, 0, 372, 396, 186, 31, 0.00%, 0, 0, 3, 60.45, 134384, 394
1305, 0, 372, 396, 186, 31, 0.00%, 0, 0, 3, 109.31, 134759, 394
1311, 0, 372, 396, 186, 31, 0.00%, 0, 0, 3, 85.94, 135118, 394
1316, 0, 372, 396, 186, 31, 0.00%, 0, 0, 3, 94.19, 135591, 394
1321, 0, 372, 396, 186, 31, 0.00%, 0, 0, 3, 95.37, 136045, 394
1327, 0, 372, 396, 186, 31, 0.00%, 0, 0, 3, 101.38, 136531, 394
1332, 0, 372, 396, 186, 31, 0.00%, 0, 0, 3, 97.97, 136989, 394
1338, 0, 372, 396, 186, 31, 0.00%, 0, 0, 3, 14.24, 137388, 394
1343, 0, 372, 396, 186, 31, 0.00%, 0, 0, 3, 86.46, 137793, 394
1348, 0, 372, 396, 186, 31, 0.00%, 0, 0, 3, 101.37, 138215, 394
1353, 0, 372, 396, 186, 31, 0.00%, 0, 0, 3, 101.48, 138664, 394
1358, 0, 372, 396, 186, 31, 0.00%, 0, 0, 3, 94.79, 139077, 394
1363, 0, 372, 396, 186, 31, 0.00%, 0, 0, 3, 91.41, 139483, 394
1368, 0, 372, 396, 186, 31, 0.00%, 0, 0, 3, 135.81, 139913, 394
1374, 0, 372, 396, 186, 31, 0.00%, 0, 0, 3, 110.23, 140335, 394
1379, 0, 372, 396, 186, 31, 0.00%, 0, 0, 3, 102.07, 140771, 394
1384, 0, 372, 396, 186, 31, 0.00%, 0, 0, 3, 100.33, 141201, 394
1389, 0, 372, 396, 186, 31, 0.00%, 0, 0, 3, 102.47, 141663, 394
1394, 0, 372, 396, 186, 31, 0.00%, 0, 0, 3, 19.44, 142146, 394
1399, 0, 372, 396, 186, 31, 0.00%, 0, 0, 3, 38.55, 142625, 394
1405, 0, 372, 396, 186, 31, 0.00%, 0, 0, 3, 73.86, 143021, 394
1410, 0, 372, 396, 186, 31, 0.00%, 0, 0, 3, 82.53, 143387, 394
1415, 0, 372, 396, 186, 31, 0.00%, 0, 0, 3, 11.56, 143722, 394
1420, 0, 372, 396, 186, 31, 0.00%, 0, 0, 3, 108.97, 144153, 394
1425, 0, 372, 396, 186, 31, 0.00%, 0, 0, 3, 4.43, 144479, 394
1430, 0, 372, 396, 186, 31, 0.00%, 0, 0, 3, 105.19, 144905, 394
1435, 0, 372, 396, 186, 31, 0.00%, 0, 0, 3, 105.99, 145297, 394
1441, 0, 372, 396, 186, 31, 0.00%, 0, 0, 3, 82.90, 145648, 394
1446, 0, 372, 396, 186, 31, 0.00%, 0, 0, 3, 85.24, 146026, 394
1451, 0, 372, 396, 186, 31, 0.00%, 0, 0, 3, 42.66, 146401, 394
1456, 0, 372, 396, 186, 31, 0.00%, 0, 0, 3, 72.71, 146768, 394
1461, 0, 372, 396, 186, 31, 0.00%, 0, 0, 3, 103.25, 147329, 394
1466, 0, 372, 396, 186, 31, 0.00%, 0, 0, 3, 107.62, 147839, 394
1471, 0, 372, 396, 186, 31, 0.00%, 0, 0, 3, 13.16, 148301, 394
1477, 0, 372, 396, 186, 31, 0.00%, 0, 0, 3, 134.61, 148857, 394
1482, 0, 372, 396, 186, 31, 0.00%, 0, 0, 3, 113.10, 149325, 394
1487, 0, 372, 396, 186, 31, 0.00%, 0, 0, 3, 109.96, 149833, 394
1492, 0, 372, 396, 186, 31, 0.00%, 0, 0, 3, 115.03, 150409, 394
1497, 0, 372, 396, 186, 31, 0.00%, 0, 0, 3, 115.22, 150969, 394
1502, 0, 372, 396, 186, 31, 0.00%, 0, 0, 3, 96.88, 151351, 394
1507, 0, 372, 396, 186, 31, 0.00%, 0, 0, 3, 95.67, 151809, 394
1512, 0, 372, 396, 186, 31, 0.00%, 0, 0, 3, 88.49, 152236, 394
1518, 0, 372, 396, 186, 31, 0.00%, 0, 0, 3, 95.12, 152711, 394
1523, 0, 372, 396, 186, 31, 0.00%, 0, 0, 3, 102.20, 153209, 394
1528, 0, 372, 396, 186, 31, 0.00%, 0, 0, 3, 105.61, 153715, 394
1533, 0, 372, 396, 186, 31, 0.00%, 0, 0, 3, 103.28, 154213, 394
1538, 0, 372, 396, 186, 31, 0.00%, 0, 0, 3, 98.12, 154663, 394
1544, 0, 372, 396, 186, 31, 0.00%, 0, 0, 3, 101.96, 155159, 394
1549, 0, 372, 396, 186, 31, 0.00%, 0, 0, 3, 96.37, 155483, 394
1554, 0, 372, 396, 186, 31, 0.00%, 0, 0, 3, 81.34, 155852, 394
1559, 0, 372, 396, 186, 31, 0.00%, 0, 0, 3, 80.87, 156222, 394
1565, 0, 372, 396, 186, 31, 0.00%, 0, 0, 3, 83.60, 156582, 394
1570, 0, 372, 396, 186, 31, 0.00%, 0, 0, 3, 80.10, 156891, 394
1575, 0, 372, 396, 186, 31, 0.00%, 0, 0, 3, 82.95, 157240, 394
1580, 0, 372, 396, 186, 31, 0.00%, 0, 0, 3, 86.56, 157614, 394
1585, 0, 372, 396, 186, 31, 0.00%, 0, 0, 3, 86.75, 157994, 394
1590, 0, 372, 396, 186, 31, 0.00%, 0, 0, 3, 99.08, 158439, 394
1595, 0, 372, 396, 186, 31, 0.00%, 0, 0, 3, 90.55, 158871, 394
1601, 0, 372, 396, 186, 31, 0.00%, 0, 0, 3, 112.95, 159323, 394
1606, 0, 178, 397, 186, 32, 0.00%, 0, 0, 3, 8.85, 159778, 395
1611, 0, 178, 397, 186, 32, 0.00%, 0, 0, 3, 105.61, 160344, 395
1616, 0, 178, 397, 186, 32, 0.00%, 0, 0, 3, 141.36, 160850, 395
1621, 0, 178, 397, 186, 32, 0.00%, 0, 0, 3, 24.69, 161432, 395
1626, 0, 178, 397, 186, 32, 0.00%, 0, 0, 3, 150.87, 162057, 395
1631, 0, 178, 397, 186, 32, 0.00%, 0, 0, 3, 131.98, 162644, 395
1637, 0, 178, 397, 186, 32, 0.00%, 0, 0, 3, 136.77, 163300, 395
1642, 0, 178, 397, 186, 32, 0.00%, 0, 0, 3, 132.01, 163914, 395
1647, 0, 178, 397, 186, 32, 0.00%, 0, 0, 3, 134.48, 164542, 395
1652, 0, 178, 397, 186, 32, 0.00%, 0, 0, 3, 126.39, 165138, 395
1657, 0, 178, 397, 186, 32, 0.00%, 0, 0, 3, 19.75, 165694, 395
1662, 0, 178, 397, 186, 32, 0.00%, 0, 0, 3, 120.92, 166242, 395
1667, 0, 178, 397, 186, 32, 0.00%, 0, 0, 3, 132.01, 166908, 395
1673, 0, 178, 397, 186, 32, 0.00%, 0, 0, 3, 21.46, 167412, 395
1678, 0, 178, 397, 186, 32, 0.00%, 0, 0, 3, 84.15, 167885, 395
1683, 0, 178, 397, 186, 32, 0.00%, 0, 0, 3, 106.17, 168378, 395
1688, 0, 178, 397, 186, 32, 0.00%, 0, 0, 3, 10.95, 168790, 395
1693, 0, 178, 397, 186, 32, 0.00%, 0, 0, 3, 92.77, 169258, 395
1699, 0, 178, 397, 186, 32, 0.00%, 0, 0, 3, 95.82, 169695, 395
1704, 0, 178, 397, 186, 32, 0.00%, 0, 0, 3, 128.15, 170024, 395
1709, 0, 178, 397, 186, 32, 0.00%, 0, 0, 3, 117.84, 170526, 395
1714, 0, 178, 397, 186, 32, 0.00%, 0, 0, 3, 105.42, 171032, 395
1720, 0, 178, 397, 186, 32, 0.00%, 0, 0, 3, 101.57, 171504, 395
1725, 0, 178, 397, 186, 32, 0.00%, 0, 0, 3, 94.58, 171907, 395
1730, 0, 178, 397, 186, 32, 0.00%, 0, 0, 3, 64.78, 172300, 395
1735, 0, 178, 397, 186, 32, 0.00%, 0, 0, 3, 83.52, 172707, 395
1740, 0, 178, 397, 186, 32, 0.00%, 0, 0, 3, 111.57, 173070, 395
1745, 0, 178, 397, 186, 32, 0.00%, 0, 0, 3, 130.31, 173520, 395
1750, 0, 178, 397, 186, 32, 0.00%, 0, 0, 3, 104.11, 173906, 395
1756, 0, 178, 397, 186, 32, 0.00%, 0, 0, 3, 102.13, 174346, 395
1761, 0, 178, 397, 186, 32, 0.00%, 0, 0, 3, 94.66, 174742, 395
1766, 0, 178, 397, 186, 32, 0.00%, 0, 0, 3, 35.45, 175148, 395
1771, 0, 178, 397, 186, 32, 0.00%, 0, 0, 3, 80.89, 175623, 395
1777, 0, 178, 397, 186, 32, 0.00%, 0, 0, 3, 92.34, 176040, 395
1782, 0, 178, 397, 186, 32, 0.00%, 0, 0, 3, 101.50, 176413, 395
1787, 0, 178, 397, 186, 32, 0.00%, 0, 0, 3, 97.75, 176846, 395
1792, 0, 178, 397, 186, 32, 0.00%, 0, 0, 3, 129.09, 177324, 395
1797, 0, 178, 397, 186, 32, 0.00%, 0, 0, 3, 98.85, 177696, 395
1802, 0, 178, 397, 186, 32, 0.00%, 0, 0, 3, 110.01, 178158, 395
1807, 0, 178, 397, 186, 32, 0.00%, 0, 0, 3, 99.28, 178619, 395
1813, 0, 178, 397, 186, 32, 0.00%, 0, 0, 3, 19.34, 179110, 395
1818, 0, 178, 397, 186, 32, 0.00%, 0, 0, 3, 127.63, 179694, 395
1823, 0, 178, 397, 186, 32, 0.00%, 0, 0, 3, 83.03, 180228, 395
1829, 0, 178, 397, 186, 32, 0.00%, 0, 0, 3, 102.03, 180738, 395
1834, 0, 178, 397, 186, 32, 0.00%, 0, 0, 3, 113.95, 181280, 395
1839, 0, 178, 397, 186, 32, 0.00%, 0, 0, 3, 122.29, 181824, 395
1844, 0, 178, 397, 186, 32, 0.00%, 0, 0, 3, 132.91, 182420, 395
1849, 0, 178, 397, 186, 32, 0.00%, 0, 0, 3, 139.09, 183092, 395
1854, 0, 178, 397, 186, 32, 0.00%, 0, 0, 3, 152.86, 183705, 395
1860, 0, 178, 397, 186, 32, 0.00%, 0, 0, 3, 134.01, 184346, 395
1865, 0, 178, 397, 186, 32, 0.00%, 0, 0, 3, 130.58, 184964, 395
1871, 0, 178, 397, 186, 32, 0.00%, 0, 0, 3, 156.18, 185586, 395
1876, 0, 178, 397, 186, 32, 0.00%, 0, 0, 3, 157.16, 186192, 395
1881, 0, 178, 397, 186, 32, 0.00%, 0, 0, 3, 139.85, 186818, 395
1886, 0, 178, 397, 186, 32, 0.00%, 0, 0, 3, 138.35, 187468, 395
1891, 0, 178, 397, 186, 32, 0.00%, 0, 0, 3, 134.32, 188120, 395
1896, 0, 178, 397, 186, 32, 0.00%, 0, 0, 3, 145.00, 188816, 395
1901, 0, 178, 397, 186, 32, 0.00%, 0, 0, 3, 136.18, 189412, 395
1906, 0, 178, 397, 186, 32, 0.00%, 0, 0, 3, 133.06, 190056, 395
1912, 0, 178, 397, 186, 32, 0.00%, 0, 0, 3, 144.69, 190626, 395
1917, 0, 178, 397, 186, 32, 0.00%, 0, 0, 3, 140.31, 191218, 395
1922, 0, 178, 397, 186, 32, 0.00%, 0, 0, 3, 136.62, 191864, 395
1927, 0, 178, 397, 186, 32, 0.00%, 0, 0, 3, 128.44, 192464, 395
1932, 0, 391, 399, 186, 31, 0.00%, 0, 0, 3, 237.27, 193664, 398
1937, 0, 391, 399, 186, 31, 0.00%, 0, 0, 3, 270.14, 195068, 398
1942, 0, 391, 400, 187, 31, 0.00%, 0, 0, 3, 270.03, 196430, 399
1947, 0, 391, 400, 187, 31, 0.00%, 0, 0, 3, 271.14, 197800, 399
1952, 0, 391, 400, 187, 31, 0.00%, 0, 0, 3, 283.25, 199225, 399
1957, 0, 391, 400, 187, 31, 0.00%, 0, 0, 3, 295.53, 200760, 399
1962, 0, 371, 400, 185, 32, 0.00%, 0, 0, 3, 69.79, 201109, 399
1967, 0, 371, 400, 185, 32, 0.00%, 0, 0, 3, 84.48, 201531, 399
1972, 0, 371, 400, 185, 32, 0.00%, 0, 0, 3, 88.37, 201897, 399
1978, 0, 371, 400, 185, 32, 0.00%, 0, 0, 3, 88.60, 202321, 399
1983, 0, 371, 400, 185, 32, 0.00%, 0, 0, 3, 108.90, 202738, 399
1988, 0, 371, 400, 185, 32, 0.00%, 0, 0, 3, 101.21, 203192, 399
1993, 0, 371, 400, 185, 32, 0.00%, 0, 0, 3, 104.57, 203600, 399
1998, 0, 371, 400, 185, 32, 0.00%, 0, 0, 3, 142.87, 204178, 399
2003, 0, 371, 400, 185, 32, 0.00%, 0, 0, 3, 90.32, 204708, 399
2008, 0, 371, 400, 185, 32, 0.00%, 0, 0, 3, 101.02, 205222, 399
2014, 0, 371, 400, 185, 32, 0.00%, 0, 0, 3, 159.41, 205729, 399
2019, 0, 371, 400, 185, 32, 0.00%, 0, 0, 3, 111.60, 206168, 399
2024, 0, 371, 400, 185, 32, 0.00%, 0, 0, 3, 121.34, 206638, 399
2029, 0, 371, 400, 185, 32, 0.00%, 0, 0, 3, 125.96, 207242, 399
2034, 0, 371, 400, 185, 32, 0.00%, 0, 0, 3, 133.18, 207860, 399
2039, 0, 371, 400, 185, 32, 0.00%, 0, 0, 3, 124.80, 208422, 399
2045, 0, 371, 400, 185, 32, 0.00%, 0, 0, 3, 123.81, 209028, 399
2050, 0, 371, 400, 185, 32, 0.00%, 0, 0, 3, 110.02, 209490, 399
2055, 0, 371, 400, 185, 32, 0.00%, 0, 0, 3, 98.59, 209879, 399
2060, 0, 371, 400, 185, 32, 0.00%, 0, 0, 3, 90.99, 210220, 399
2066, 0, 371, 400, 185, 32, 0.00%, 0, 0, 3, 97.63, 210622, 399
2071, 0, 371, 400, 185, 32, 0.00%, 0, 0, 3, 98.06, 211047, 399
2076, 0, 371, 400, 185, 32, 0.00%, 0, 0, 3, 87.41, 211392, 399
2081, 0, 371, 400, 185, 32, 0.00%, 0, 0, 3, 91.18, 211800, 399
2086, 0, 371, 401, 186, 32, 0.00%, 0, 0, 3, 116.33, 212301, 399
2092, 0, 371, 401, 186, 32, 0.00%, 0, 0, 3, 145.02, 212945, 399
2097, 0, 371, 401, 186, 32, 0.00%, 0, 0, 3, 145.59, 213639, 399
2102, 0, 371, 401, 186, 32, 0.00%, 0, 0, 3, 136.72, 214279, 399
2107, 0, 371, 401, 186, 32, 0.00%, 0, 0, 3, 137.25, 214923, 399
2112, 0, 371, 401, 186, 32, 0.00%, 0, 0, 3, 146.66, 215437, 399
2117, 0, 371, 401, 186, 32, 0.00%, 0, 0, 3, 144.12, 216013, 399
2122, 0, 371, 402, 187, 32, 0.00%, 0, 0, 3, 125.39, 216534, 401
2127, 0, 371, 402, 187, 32, 0.00%, 0, 0, 3, 134.01, 217156, 401
2132, 0, 371, 402, 187, 32, 0.00%, 0, 0, 3, 134.01, 217804, 401
2138, 0, 371, 402, 187, 32, 0.00%, 0, 0, 3, 127.21, 218410, 401
2143, 0, 371, 402, 187, 32, 0.00%, 0, 0, 3, 132.80, 219052, 401
2148, 0, 371, 402, 187, 32, 0.00%, 0, 0, 3, 157.28, 219633, 401
2153, 0, 371, 402, 187, 32, 0.00%, 0, 0, 3, 134.38, 220202, 401
2158, 0, 371, 402, 187, 32, 0.00%, 0, 0, 3, 135.59, 220832, 401
2163, 0, 371, 402, 187, 32, 0.00%, 0, 0, 3, 125.28, 221434, 401
2169, 0, 371, 402, 187, 32, 0.00%, 0, 0, 3, 114.68, 221954, 401
2174, 0, 371, 402, 187, 32, 0.00%, 0, 0, 3, 113.59, 222442, 401
2180, 0, 371, 402, 187, 32, 0.00%, 0, 0, 3, 17.86, 222954, 401
2185, 0, 371, 402, 187, 32, 0.00%, 0, 0, 3, 111.87, 223424, 401
2190, 0, 371, 402, 187, 32, 0.00%, 0, 0, 3, 112.75, 223786, 401
2195, 0, 371, 402, 187, 32, 0.00%, 0, 0, 3, 122.24, 224238, 401
2200, 0, 371, 402, 187, 32, 0.00%, 0, 0, 3, 128.66, 224718, 401
2206, 0, 371, 402, 187, 32, 0.00%, 0, 0, 3, 100.52, 225200, 401
2211, 0, 371, 402, 187, 32, 0.00%, 0, 0, 3, 124.04, 225802, 401
2216, 0, 371, 402, 187, 32, 0.00%, 0, 0, 3, 118.03, 226360, 401
2221, 0, 371, 402, 187, 32, 0.00%, 0, 0, 3, 127.62, 226908, 401
2226, 0, 371, 402, 187, 32, 0.00%, 0, 0, 3, 109.63, 227416, 401
2232, 0, 371, 402, 187, 32, 0.00%, 0, 0, 3, 109.49, 227924, 401
2237, 0, 371, 402, 187, 32, 0.00%, 0, 0, 3, 104.62, 228414, 401
2243, 0, 371, 402, 187, 32, 0.00%, 0, 0, 3, 91.95, 228872, 401
2248, 0, 371, 402, 187, 32, 0.00%, 0, 0, 3, 148.77, 229386, 401
2253, 0, 371, 402, 187, 32, 0.00%, 0, 0, 3, 134.68, 230024, 401
2258, 0, 371, 402, 187, 32, 0.00%, 0, 0, 3, 118.99, 230504, 401
2263, 0, 371, 402, 187, 32, 0.00%, 0, 0, 3, 126.69, 231094, 401
2268, 0, 371, 402, 187, 32, 0.00%, 0, 0, 3, 23.62, 231636, 401
2274, 0, 371, 402, 187, 32, 0.00%, 0, 0, 3, 90.07, 232184, 401
2279, 0, 371, 402, 187, 32, 0.00%, 0, 0, 3, 103.95, 232584, 401
2284, 0, 371, 402, 187, 32, 0.00%, 0, 0, 3, 95.02, 232972, 401
2289, 0, 371, 402, 187, 32, 0.00%, 0, 0, 3, 104.68, 233456, 401
2295, 0, 66, 403, 187, 32, 0.00%, 0, 0, 3, 93.42, 233891, 402
2300, 0, 66, 405, 189, 32, 0.00%, 0, 0, 3, 88.47, 234282, 406
2305, 0, 66, 406, 190, 32, 0.00%, 0, 0, 3, 90.33, 234645, 407
2310, 0, 66, 406, 190, 32, 0.00%, 0, 0, 3, 2.29, 234979, 407
2315, 0, 66, 406, 190, 32, 0.00%, 0, 0, 3, 77.98, 235364, 407
2320, 0, 66, 406, 190, 32, 0.00%, 0, 0, 3, 84.90, 235728, 407
2325, 0, 66, 406, 190, 32, 0.00%, 0, 0, 3, 79.43, 236075, 407
2331, 0, 66, 406, 190, 32, 0.00%, 0, 0, 3, 98.78, 236499, 407
2336, 0, 66, 406, 190, 32, 0.00%, 0, 0, 3, 87.76, 236907, 407
2342, 0, 66, 407, 191, 32, 0.00%, 0, 0, 3, 61.34, 237281, 407
2347, 0, 66, 407, 191, 32, 0.00%, 0, 0, 3, 108.49, 237627, 407
2352, 0, 66, 408, 192, 32, 0.00%, 0, 0, 3, 85.92, 237951, 407
2357, 0, 66, 408, 192, 32, 0.00%, 0, 0, 3, 61.87, 238438, 407
2362, 0, 66, 408, 192, 32, 0.00%, 0, 0, 3, 8.20, 238879, 407
2367, 0, 66, 409, 193, 32, 0.00%, 0, 0, 3, 102.11, 239266, 408
2372, 0, 66, 409, 193, 32, 0.00%, 0, 0, 3, 89.04, 239621, 408
2377, 0, 66, 409, 193, 32, 0.00%, 0, 0, 3, 92.28, 239983, 408
2382, 0, 66, 409, 193, 32, 0.00%, 0, 0, 3, 98.20, 240352, 408
2387, 0, 66, 409, 193, 32, 0.00%, 0, 0, 3, 52.44, 240632, 408
2393, 0, 66, 409, 193, 32, 0.00%, 0, 0, 3, 79.24, 241012, 408
2398, 0, 66, 409, 193, 32, 0.00%, 0, 0, 3, 83.26, 241368, 408
2403, 0, 66, 409, 193, 32, 0.00%, 0, 0, 3, 96.84, 241782, 408
2408, 0, 66, 409, 193, 32, 0.00%, 0, 0, 3, 56.53, 242120, 408
2413, 0, 66, 409, 193, 32, 0.00%, 0, 0, 3, 82.28, 242538, 408
2419, 0, 66, 409, 193, 32, 0.00%, 0, 0, 3, 85.72, 242949, 408
2424, 0, 66, 409, 193, 32, 0.00%, 0, 0, 3, 88.61, 243330, 408
2429, 0, 66, 409, 193, 32, 0.00%, 0, 0, 3, 105.12, 243762, 408
2434, 0, 66, 409, 193, 32, 0.00%, 0, 0, 3, 112.92, 244306, 408
2439, 0, 66, 409, 193, 32, 0.00%, 0, 0, 3, 109.48, 244866, 408
2444, 0, 66, 409, 193, 32, 0.00%, 0, 0, 3, 109.80, 245364, 408
2449, 0, 66, 409, 193, 32, 0.00%, 0, 0, 3, 120.27, 245964, 408
2455, 0, 66, 409, 193, 32, 0.00%, 0, 0, 3, 122.81, 246568, 408
2460, 0, 66, 409, 193, 32, 0.00%, 0, 0, 3, 118.42, 247148, 408
2465, 0, 66, 409, 193, 32, 0.00%, 0, 0, 3, 117.50, 247704, 408
2470, 0, 66, 409, 193, 32, 0.00%, 0, 0, 3, 133.32, 248366, 408
2475, 0, 66, 409, 193, 32, 0.00%, 0, 0, 3, 117.12, 248928, 408
2480, 0, 66, 409, 193, 32, 0.00%, 0, 0, 3, 105.92, 249386, 408
2486, 0, 66, 409, 193, 32, 0.00%, 0, 0, 3, 96.25, 249841, 408
2491, 0, 66, 409, 193, 32, 0.00%, 0, 0, 3, 106.69, 250358, 408
2496, 0, 66, 409, 193, 32, 0.00%, 0, 0, 3, 106.92, 250884, 408
2501, 0, 66, 409, 193, 32, 0.00%, 0, 0, 3, 109.32, 251410, 408
2506, 0, 66, 409, 193, 32, 0.00%, 0, 0, 3, 106.10, 251888, 408
2511, 0, 66, 409, 193, 32, 0.00%, 0, 0, 3, 86.88, 252246, 408
2516, 0, 66, 409, 193, 32, 0.00%, 0, 0, 3, 100.45, 252718, 408
2522, 0, 66, 409, 193, 32, 0.00%, 0, 0, 3, 102.74, 253194, 408
2527, 0, 66, 409, 193, 32, 0.00%, 0, 0, 3, 108.95, 253708, 408
2532, 0, 66, 409, 193, 32, 0.00%, 0, 0, 3, 114.55, 254282, 408
2537, 0, 66, 409, 193, 32, 0.00%, 0, 0, 3, 109.47, 254768, 408
2542, 0, 66, 409, 193, 32, 0.00%, 0, 0, 3, 112.47, 255360, 408
2548, 0, 66, 409, 193, 32, 0.00%, 0, 0, 3, 132.12, 255830, 408
2553, 0, 66, 409, 193, 32, 0.00%, 0, 0, 3, 18.68, 256268, 408
2558, 0, 66, 409, 193, 32, 0.00%, 0, 0, 3, 59.29, 256584, 408
2563, 0, 66, 409, 193, 32, 0.00%, 0, 0, 3, 70.01, 256894, 408
2569, 0, 66, 409, 193, 32, 0.00%, 0, 0, 3, 82.25, 257279, 408
2574, 0, 66, 409, 193, 32, 0.00%, 0, 0, 3, 75.55, 257571, 408
2579, 0, 66, 409, 193, 32, 0.00%, 0, 0, 3, 71.68, 257912, 408
2585, 0, 66, 409, 193, 32, 0.00%, 0, 0, 3, 9.36, 258308, 408
2590, 0, 66, 409, 193, 32, 0.00%, 0, 0, 3, 91.68, 258717, 408
2595, 0, 66, 409, 193, 32, 0.00%, 0, 0, 3, 85.85, 259099, 408
2600, 0, 66, 409, 193, 32, 0.00%, 0, 0, 3, 92.30, 259492, 408
2605, 0, 66, 409, 193, 32, 0.00%, 0, 0, 3, 92.79, 259903, 408
2610, 0, 66, 409, 193, 32, 0.00%, 0, 0, 3, 101.29, 260320, 408
2615, 0, 66, 409, 193, 32, 0.00%, 0, 0, 3, 100.99, 260809, 408
2621, 0, 66, 409, 193, 32, 0.00%, 0, 0, 3, 116.43, 261390, 408
2626, 0, 66, 409, 193, 32, 0.00%, 0, 0, 3, 136.50, 261842, 408
2631, 0, 66, 409, 193, 32, 0.00%, 0, 0, 3, 161.76, 262345, 408
2636, 0, 66, 409, 193, 32, 0.00%, 0, 0, 3, 125.58, 262826, 408
2641, 0, 66, 409, 193, 32, 0.00%, 0, 0, 3, 100.13, 263268, 408
2646, 0, 66, 409, 193, 32, 0.00%, 0, 0, 3, 102.03, 263796, 408
2651, 0, 66, 409, 193, 32, 0.00%, 0, 0, 3, 108.09, 264328, 408
2656, 0, 66, 409, 193, 32, 0.00%, 0, 0, 3, 95.59, 264732, 408
2661, 0, 66, 409, 193, 32, 0.00%, 0, 0, 3, 98.51, 265220, 408
2667, 0, 66, 409, 193, 32, 0.00%, 0, 0, 3, 104.82, 265666, 408
2672, 0, 66, 409, 193, 32, 0.00%, 0, 0, 3, 82.15, 266084, 408
2677, 0, 392, 409, 191, 32, 0.00%, 0, 0, 3, 124.52, 266574, 408
2682, 0, 392, 409, 191, 32, 0.00%, 0, 0, 3, 248.47, 268016, 408
2687, 0, 392, 409, 191, 32, 0.00%, 0, 0, 3, 274.48, 269436, 408
2692, 0, 392, 409, 191, 32, 0.00%, 0, 0, 3, 282.29, 270856, 408
2698, 0, 392, 409, 191, 32, 0.00%, 0, 0, 3, 281.91, 272326, 408
2703, 0, 392, 409, 191, 32, 0.00%, 0, 0, 3, 281.72, 273766, 408
2708, 0, 383, 409, 190, 31, 0.00%, 0, 0, 3, 200.35, 274908, 408
2713, 0, 383, 409, 190, 31, 0.00%, 0, 0, 3, 125.01, 275502, 408
2718, 0, 383, 409, 190, 31, 0.00%, 0, 0, 3, 147.76, 276244, 408
2723, 0, 383, 409, 190, 31, 0.00%, 0, 0, 3, 175.38, 277148, 408
2728, 0, 383, 409, 190, 31, 0.00%, 0, 0, 3, 166.35, 277946, 408
2734, 0, 383, 409, 190, 31, 0.00%, 0, 0, 3, 185.28, 278696, 408
2739, 0, 383, 409, 190, 31, 0.00%, 0, 0, 3, 157.79, 279443, 408
2744, 0, 383, 409, 190, 31, 0.00%, 0, 0, 3, 149.48, 280108, 408
2749, 0, 383, 409, 190, 31, 0.00%, 0, 0, 3, 130.68, 280704, 408
2754, 0, 383, 409, 190, 31, 0.00%, 0, 0, 3, 131.48, 281328, 408
2759, 0, 383, 409, 190, 31, 0.00%, 0, 0, 3, 155.20, 282110, 408
2765, 0, 383, 409, 190, 31, 0.00%, 0, 0, 3, 141.48, 282740, 408
2770, 0, 383, 409, 190, 31, 0.00%, 0, 0, 3, 213.49, 283460, 408
2775, 0, 383, 409, 190, 31, 0.00%, 0, 0, 3, 161.89, 284129, 408
2780, 0, 383, 409, 190, 31, 0.00%, 0, 0, 3, 142.34, 284730, 408
2785, 0, 383, 409, 190, 31, 0.00%, 0, 0, 3, 144.06, 285408, 408
2790, 0, 383, 409, 190, 31, 0.00%, 0, 0, 3, 35.59, 286042, 408
2795, 0, 383, 409, 190, 31, 0.00%, 0, 0, 3, 104.38, 286468, 408
2800, 0, 383, 409, 190, 31, 0.00%, 0, 0, 3, 126.77, 287098, 408
2805, 0, 383, 409, 190, 31, 0.00%, 0, 0, 3, 126.87, 287732, 408
2811, 0, 383, 409, 190, 31, 0.00%, 0, 0, 3, 170.45, 288479, 408
2816, 0, 383, 409, 190, 31, 0.00%, 0, 0, 3, 160.35, 289271, 408
2821, 0, 383, 409, 190, 31, 0.00%, 0, 0, 3, 121.07, 289780, 408
2826, 0, 383, 409, 190, 31, 0.00%, 0, 0, 3, 140.26, 290424, 408
2831, 0, 383, 409, 190, 31, 0.00%, 0, 0, 3, 144.44, 291156, 408
2836, 0, 383, 409, 190, 31, 0.00%, 0, 0, 3, 163.32, 291950, 408
2841, 0, 383, 409, 190, 31, 0.00%, 0, 0, 3, 160.93, 292712, 408
2846, 0, 383, 409, 190, 31, 0.00%, 0, 0, 3, 101.07, 293167, 408
2851, 0, 383, 409, 190, 31, 0.00%, 0, 0, 3, 84.16, 293779, 408
2857, 0, 383, 409, 190, 31, 0.00%, 0, 0, 3, 18.26, 294428, 408
2862, 0, 383, 409, 190, 31, 0.00%, 0, 0, 3, 151.25, 295040, 408
2867, 0, 383, 409, 190, 31, 0.00%, 0, 0, 3, 25.92, 295733, 408
2872, 0, 383, 409, 190, 31, 0.00%, 0, 0, 3, 191.73, 296324, 408
2878, 0, 383, 409, 190, 31, 0.00%, 0, 0, 3, 139.32, 296972, 408
2883, 0, 383, 409, 190, 31, 0.00%, 0, 0, 3, 165.92, 297566, 408
2888, 0, 383, 409, 190, 31, 0.00%, 0, 0, 3, 118.82, 298018, 408
2893, 0, 383, 409, 190, 31, 0.00%, 0, 0, 3, 114.75, 298548, 408
2899, 0, 383, 409, 190, 31, 0.00%, 0, 0, 3, 112.87, 299092, 408
2904, 0, 379, 409, 189, 30, 0.00%, 0, 0, 3, 101.33, 299558, 408
2909, 0, 379, 409, 189, 30, 0.00%, 0, 0, 3, 119.76, 300089, 408
2914, 0, 379, 409, 189, 30, 0.00%, 0, 0, 3, 122.12, 300619, 408
2919, 0, 379, 409, 189, 30, 0.00%, 0, 0, 3, 126.78, 301175, 408
2924, 0, 379, 409, 189, 30, 0.00%, 0, 0, 3, 129.72, 301763, 408
2929, 0, 379, 409, 189, 30, 0.00%, 0, 0, 3, 135.26, 302347, 408
2935, 0, 379, 409, 189, 30, 0.00%, 0, 0, 3, 120.60, 302949, 408
2940, 0, 379, 409, 189, 30, 0.00%, 0, 0, 3, 123.61, 303561, 408
2946, 0, 379, 409, 189, 30, 0.00%, 0, 0, 3, 134.03, 304141, 408
2951, 0, 379, 409, 189, 30, 0.00%, 0, 0, 3, 144.44, 304837, 408
2956, 0, 379, 409, 189, 30, 0.00%, 0, 0, 3, 149.80, 305563, 408
2961, 0, 379, 409, 189, 30, 0.00%, 0, 0, 3, 136.54, 306151, 408
2967, 0, 379, 409, 189, 30, 0.00%, 0, 0, 3, 128.50, 306749, 408
2972, 0, 379, 409, 189, 30, 0.00%, 0, 0, 3, 129.02, 307389, 408
2977, 0, 379, 409, 189, 30, 0.00%, 0, 0, 3, 132.97, 307963, 408
2983, 0, 379, 409, 189, 30, 0.00%, 0, 0, 3, 131.37, 308511, 408
2988, 0, 379, 409, 189, 30, 0.00%, 0, 0, 3, 132.47, 309073, 408
2993, 0, 379, 409, 189, 30, 0.00%, 0, 0, 3, 133.68, 309667, 408
2998, 0, 379, 409, 189, 30, 0.00%, 0, 0, 3, 156.62, 310312, 408
3003, 0, 379, 409, 189, 30, 0.00%, 0, 0, 3, 20.60, 310839, 408
3009, 0, 379, 409, 189, 30, 0.00%, 0, 0, 3, 112.36, 311367, 408
3014, 0, 379, 409, 189, 30, 0.00%, 0, 0, 3, 135.67, 312031, 408
3019, 0, 379, 409, 189, 30, 0.00%, 0, 0, 3, 132.44, 312621, 408
3024, 0, 379, 409, 189, 30, 0.00%, 0, 0, 3, 137.70, 313147, 408
3029, 0, 379, 409, 189, 30, 0.00%, 0, 0, 3, 148.15, 313855, 408
3035, 0, 379, 409, 189, 30, 0.00%, 0, 0, 3, 165.33, 314677, 408
3040, 0, 379, 409, 189, 30, 0.00%, 0, 0, 3, 175.00, 315469, 408
3045, 0, 379, 409, 189, 30, 0.00%, 0, 0, 3, 142.65, 316059, 408
3050, 0, 379, 409, 189, 30, 0.00%, 0, 0, 3, 140.97, 316705, 408
3055, 0, 379, 409, 189, 30, 0.00%, 0, 0, 3, 134.27, 317303, 408
3060, 0, 379, 409, 189, 30, 0.00%, 0, 0, 3, 136.83, 317939, 408
3066, 0, 379, 409, 189, 30, 0.00%, 0, 0, 3, 17.70, 318501, 408
3071, 0, 379, 409, 189, 30, 0.00%, 0, 0, 3, 111.45, 318963, 408
3076, 0, 379, 409, 189, 30, 0.00%, 0, 0, 3, 107.01, 319387, 408
3081, 0, 379, 409, 189, 30, 0.00%, 0, 0, 3, 105.07, 319821, 408
3086, 0, 379, 409, 189, 30, 0.00%, 0, 0, 3, 93.50, 320148, 408
3091, 0, 379, 409, 189, 30, 0.00%, 0, 0, 3, 91.93, 320535, 408
3096, 0, 379, 409, 189, 30, 0.00%, 0, 0, 3, 104.14, 320995, 408
3101, 0, 379, 409, 189, 30, 0.00%, 0, 0, 3, 152.57, 321499, 408
3107, 0, 379, 409, 189, 30, 0.00%, 0, 0, 3, 21.66, 321923, 408
3112, 0, 379, 409, 189, 30, 0.00%, 0, 0, 3, 209.46, 322531, 408
3117, 0, 379, 409, 189, 30, 0.00%, 0, 0, 3, 212.55, 323195, 408
3122, 0, 379, 409, 189, 30, 0.00%, 0, 0, 3, 175.52, 323593, 408
3127, 0, 379, 409, 189, 30, 0.00%, 0, 0, 3, 117.20, 324107, 408
3132, 0, 379, 409, 189, 30, 0.00%, 0, 0, 3, 206.50, 324547, 408
3137, 0, 379, 409, 189, 30, 0.00%, 0, 0, 3, 189.32, 325180, 408
3142, 0, 379, 409, 189, 30, 0.00%, 0, 0, 3, 144.32, 325809, 408
3148, 0, 379, 409, 189, 30, 0.00%, 0, 0, 3, 121.48, 326445, 408
3153, 0, 379, 409, 189, 30, 0.00%, 0, 0, 3, 125.02, 327029, 408
3158, 0, 379, 409, 189, 30, 0.00%, 0, 0, 3, 118.23, 327533, 408
3163, 0, 379, 409, 189, 30, 0.00%, 0, 0, 3, 129.29, 328079, 408
3168, 0, 379, 409, 189, 30, 0.00%, 0, 0, 3, 141.31, 328765, 408
3173, 0, 379, 409, 189, 30, 0.00%, 0, 0, 3, 149.64, 329463, 408
3179, 0, 379, 409, 189, 30, 0.00%, 0, 0, 3, 143.13, 330159, 408
3184, 0, 379, 409, 189, 30, 0.00%, 0, 0, 3, 152.29, 330946, 408
3189, 0, 379, 409, 189, 30, 0.00%, 0, 0, 3, 185.40, 331594, 408
3194, 0, 368, 410, 189, 29, 0.00%, 0, 0, 3, 152.25, 332274, 408
3199, 0, 368, 410, 189, 29, 0.00%, 0, 0, 3, 141.56, 332921, 408
3204, 0, 368, 411, 190, 29, 0.00%, 0, 0, 3, 122.50, 333526, 408
3209, 0, 368, 411, 190, 29, 0.00%, 0, 0, 3, 152.36, 334051, 408
3215, 0, 368, 411, 190, 29, 0.00%, 0, 0, 3, 145.73, 334627, 408
3220, 0, 368, 411, 190, 29, 0.00%, 0, 0, 3, 57.10, 335112, 408
3225, 0, 368, 411, 190, 29, 0.00%, 0, 0, 3, 108.07, 335714, 408
3230, 0, 368, 411, 190, 29, 0.00%, 0, 0, 3, 81.16, 336145, 408
3236, 0, 368, 411, 190, 29, 0.00%, 0, 0, 3, 103.05, 336662, 408
3241, 0, 368, 411, 190, 29, 0.00%, 0, 0, 3, 107.77, 337152, 408
3246, 0, 368, 411, 190, 29, 0.00%, 0, 0, 3, 91.55, 337542, 408
3251, 0, 368, 411, 190, 29, 0.00%, 0, 0, 3, 92.08, 337952, 408
3257, 0, 368, 411, 190, 29, 0.00%, 0, 0, 3, 94.72, 338389, 408
3262, 0, 368, 411, 190, 29, 0.00%, 0, 0, 3, 100.56, 338760, 408
3267, 0, 368, 411, 190, 29, 0.00%, 0, 0, 3, 103.29, 339124, 408
3272, 0, 368, 411, 190, 29, 0.00%, 0, 0, 3, 101.46, 339562, 408
3277, 0, 368, 411, 190, 29, 0.00%, 0, 0, 3, 15.94, 339956, 408
3282, 0, 368, 411, 190, 29, 0.00%, 0, 0, 3, 69.38, 340355, 408
3287, 0, 368, 411, 190, 29, 0.00%, 0, 0, 3, 113.55, 340796, 408
3292, 0, 368, 411, 190, 29, 0.00%, 0, 0, 3, 137.00, 341244, 408
3298, 0, 368, 411, 190, 29, 0.00%, 0, 0, 3, 68.64, 341669, 408
3303, 0, 368, 411, 190, 29, 0.00%, 0, 0, 3, 84.59, 342101, 408
3308, 0, 368, 411, 190, 29, 0.00%, 0, 0, 3, 78.81, 342506, 408
3313, 0, 368, 411, 190, 29, 0.00%, 0, 0, 3, 116.25, 343072, 408
3318, 0, 368, 411, 190, 29, 0.00%, 0, 0, 3, 139.28, 343786, 408
3323, 0, 368, 411, 190, 29, 0.00%, 0, 0, 3, 116.51, 344264, 408
3328, 0, 368, 411, 190, 29, 0.00%, 0, 0, 3, 21.43, 344776, 408
3333, 0, 368, 411, 190, 29, 0.00%, 0, 0, 3, 107.88, 345242, 408
3338, 0, 368, 411, 190, 29, 0.00%, 0, 0, 3, 87.73, 345668, 408
3343, 0, 368, 411, 190, 29, 0.00%, 0, 0, 3, 58.20, 346023, 408
3349, 0, 368, 411, 190, 29, 0.00%, 0, 0, 3, 85.69, 346412, 408
3354, 0, 368, 411, 190, 29, 0.00%, 0, 0, 3, 110.78, 346736, 408
3359, 0, 368, 411, 190, 29, 0.00%, 0, 0, 3, 44.41, 347111, 408
3364, 0, 368, 411, 190, 29, 0.00%, 0, 0, 3, 140.26, 347498, 408
3370, 0, 368, 411, 190, 29, 0.00%, 0, 0, 3, 93.88, 347848, 408
3375, 0, 368, 411, 190, 29, 0.00%, 0, 0, 3, 87.83, 348225, 408
3380, 0, 368, 412, 191, 29, 0.00%, 0, 0, 3, 110.45, 348676, 411
3385, 0, 368, 412, 191, 29, 0.00%, 0, 0, 3, 114.29, 349208, 411
3391, 0, 368, 412, 191, 29, 0.00%, 0, 0, 3, 111.38, 349708, 411
3396, 0, 368, 412, 191, 29, 0.00%, 0, 0, 3, 112.32, 350212, 411
3401, 0, 368, 412, 191, 29, 0.00%, 0, 0, 3, 107.60, 350696, 411
3406, 0, 368, 412, 191, 29, 0.00%, 0, 0, 3, 137.16, 351278, 411
3411, 0, 368, 412, 191, 29, 0.00%, 0, 0, 3, 120.40, 351844, 411
3416, 0, 368, 412, 191, 29, 0.00%, 0, 0, 3, 122.12, 352336, 411
3421, 0, 368, 412, 191, 29, 0.00%, 0, 0, 3, 109.66, 352846, 411
3426, 0, 368, 412, 191, 29, 0.00%, 0, 0, 3, 128.74, 353280, 411
3431, 0, 368, 412, 191, 29, 0.00%, 0, 0, 3, 115.08, 353758, 411
3437, 0, 368, 412, 191, 29, 0.00%, 0, 0, 3, 115.31, 354258, 411
3442, 0, 368, 412, 191, 29, 0.00%, 0, 0, 3, 112.23, 354750, 411
3447, 0, 368, 412, 191, 29, 0.00%, 0, 0, 3, 103.93, 355208, 411
3452, 0, 368, 412, 191, 29, 0.00%, 0, 0, 3, 179.47, 355819, 411
3457, 0, 368, 412, 191, 29, 0.00%, 0, 0, 3, 133.94, 356396, 411
3463, 0, 368, 412, 191, 29, 0.00%, 0, 0, 3, 148.99, 356905, 411
3468, 0, 368, 412, 191, 29, 0.00%, 0, 0, 3, 171.98, 357463, 411
3473, 0, 368, 412, 191, 29, 0.00%, 0, 0, 3, 140.35, 358104, 411
3478, 0, 368, 412, 191, 29, 0.00%, 0, 0, 3, 135.41, 358720, 411
3483, 0, 368, 412, 191, 29, 0.00%, 0, 0, 3, 136.60, 359342, 411
3488, 0, 368, 412, 191, 29, 0.00%, 0, 0, 3, 129.55, 359924, 411
3493, 0, 368, 412, 191, 29, 0.00%, 0, 0, 3, 139.19, 360538, 411
3499, 0, 368, 412, 191, 29, 0.00%, 0, 0, 3, 110.35, 361030, 411
3504, 0, 368, 412, 191, 29, 0.00%, 0, 0, 3, 108.68, 361506, 411
3509, 0, 368, 412, 191, 29, 0.00%, 0, 0, 3, 121.41, 362026, 411
3514, 0, 368, 412, 191, 29, 0.00%, 0, 0, 3, 122.44, 362616, 411
3519, 0, 368, 412, 191, 29, 0.00%, 0, 0, 3, 6.02, 363126, 411
3524, 0, 368, 412, 191, 29, 0.00%, 0, 0, 3, 122.00, 363626, 411
3529, 0, 368, 412, 191, 29, 0.00%, 0, 0, 3, 131.49, 364210, 411
3535, 0, 368, 412, 191, 29, 0.00%, 0, 0, 3, 142.20, 364914, 411
3541, 0, 417, 435, 213, 39, 0.01%, 0, 0, 3, 136.84, 365290, 457
3546, 0, 142, 435, 212, 38, 0.01%, 0, 0, 3, 143.61, 365977, 457
3552, 0, 142, 435, 212, 38, 0.01%, 0, 0, 3, 139.74, 366603, 457
3557, 0, 142, 435, 212, 38, 0.01%, 0, 0, 3, 144.23, 367269, 457
3562, 0, 142, 435, 212, 38, 0.01%, 0, 0, 3, 156.67, 368058, 457
3567, 0, 142, 435, 212, 38, 0.01%, 0, 0, 3, 154.85, 368817, 457
3572, 0, 142, 435, 212, 38, 0.01%, 0, 0, 3, 158.87, 369582, 457
3577, 0, 142, 435, 212, 38, 0.01%, 0, 0, 3, 159.29, 370329, 457
3582, 0, 142, 435, 212, 38, 0.01%, 0, 0, 3, 169.87, 371151, 457
3587, 0, 142, 435, 212, 38, 0.01%, 0, 0, 3, 167.99, 371931, 457
3592, 0, 142, 435, 212, 38, 0.01%, 0, 0, 3, 159.50, 372693, 457
3597, 0, 142, 435, 212, 38, 0.01%, 0, 0, 3, 160.00, 373466, 457
3602, 0, 142, 435, 212, 38, 0.01%, 0, 0, 3, 148.73, 374031, 457
3608, 0, 142, 435, 212, 38, 0.01%, 0, 0, 3, 131.33, 374579, 457
3613, 0, 142, 435, 212, 38, 0.01%, 0, 0, 3, 131.19, 375193, 457
3618, 0, 142, 435, 212, 38, 0.01%, 0, 0, 3, 134.79, 375795, 457
3623, 0, 142, 435, 212, 38, 0.01%, 0, 0, 3, 133.40, 376375, 457
3628, 0, 142, 435, 212, 38, 0.01%, 0, 0, 3, 138.04, 376933, 457
3633, 0, 142, 435, 212, 38, 0.01%, 0, 0, 3, 143.40, 377589, 457
3638, 0, 142, 435, 212, 38, 0.01%, 0, 0, 3, 131.25, 378177, 457
3643, 0, 142, 435, 212, 38, 0.01%, 0, 0, 3, 86.06, 378729, 457
3649, 0, 142, 435, 212, 38, 0.01%, 0, 0, 3, 113.46, 379297, 457
3654, 0, 142, 435, 212, 38, 0.01%, 0, 0, 3, 113.45, 379835, 457
3659, 0, 142, 435, 212, 38, 0.01%, 0, 0, 3, 117.97, 380389, 457
3664, 0, 142, 435, 212, 38, 0.01%, 0, 0, 3, 130.74, 380979, 457
3665, 0, 142, 435, 212, 38, 0.01%, 0, 0, 3, 137.27, 381028, 457
