# relative_time, cycles_done, cur_item, corpus_count, pending_total, pending_favs, map_size, saved_crashes, saved_hangs, max_depth, execs_per_sec, total_execs, edges_found
62, 0, 340, 376, 171, 25, 0.00%, 0, 0, 2, 53.70, 7321, 367
67, 0, 340, 376, 171, 25, 0.00%, 0, 0, 2, 91.92, 7703, 367
72, 0, 340, 376, 171, 25, 0.00%, 0, 0, 2, 93.72, 8086, 367
77, 0, 340, 376, 171, 25, 0.00%, 0, 0, 2, 76.60, 8382, 367
82, 0, 340, 376, 171, 25, 0.00%, 0, 0, 2, 93.22, 8794, 367
88, 0, 340, 376, 171, 25, 0.00%, 0, 0, 2, 105.92, 9186, 367
93, 0, 340, 376, 171, 25, 0.00%, 0, 0, 2, 63.19, 9552, 367
98, 0, 369, 376, 169, 24, 0.00%, 0, 0, 2, 98.97, 10074, 367
103, 0, 369, 376, 169, 24, 0.00%, 0, 0, 2, 107.82, 10588, 367
109, 0, 369, 376, 169, 24, 0.00%, 0, 0, 2, 137.51, 11102, 367
114, 0, 369, 376, 169, 24, 0.00%, 0, 0, 2, 120.81, 11596, 367
119, 0, 369, 376, 169, 24, 0.00%, 0, 0, 2, 129.50, 12126, 367
124, 0, 369, 376, 169, 24, 0.00%, 0, 0, 2, 143.18, 12654, 367
129, 0, 369, 376, 169, 24, 0.00%, 0, 0, 2, 134.95, 13226, 367
134, 0, 369, 376, 169, 24, 0.00%, 0, 0, 2, 124.43, 13766, 367
140, 0, 369, 376, 169, 24, 0.00%, 0, 0, 2, 107.96, 14274, 367
145, 0, 369, 376, 169, 24, 0.00%, 0, 0, 2, 112.96, 14822, 367
151, 0, 369, 376, 169, 24, 0.00%, 0, 0, 2, 113.08, 15356, 367
156, 0, 369, 376, 169, 24, 0.00%, 0, 0, 2, 114.16, 15894, 367
161, 0, 369, 376, 169, 24, 0.00%, 0, 0, 2, 110.39, 16354, 367
166, 0, 369, 376, 169, 24, 0.00%, 0, 0, 2, 101.42, 16790, 367
171, 0, 369, 376, 169, 24, 0.00%, 0, 0, 2, 129.27, 17236, 367
177, 0, 369, 376, 169, 24, 0.00%, 0, 0, 2, 118.86, 17774, 367
182, 0, 369, 376, 169, 24, 0.00%, 0, 0, 2, 122.63, 18292, 367
187, 0, 369, 376, 169, 24, 0.00%, 0, 0, 2, 118.97, 18838, 367
192, 0, 369, 376, 169, 24, 0.00%, 0, 0, 2, 115.20, 19314, 367
197, 0, 369, 376, 169, 24, 0.00%, 0, 0, 2, 104.32, 19788, 367
203, 0, 369, 376, 169, 24, 0.00%, 0, 0, 2, 105.18, 20268, 367
208, 0, 369, 376, 169, 24, 0.00%, 0, 0, 2, 107.74, 20760, 367
213, 0, 369, 376, 169, 24, 0.00%, 0, 0, 2, 60.53, 21250, 367
218, 0, 369, 376, 169, 24, 0.00%, 0, 0, 2, 98.18, 21682, 367
223, 0, 369, 376, 169, 24, 0.00%, 0, 0, 2, 107.18, 22126, 367
229, 0, 369, 376, 169, 24, 0.00%, 0, 0, 2, 97.32, 22564, 367
234, 0, 369, 376, 169, 24, 0.00%, 0, 0, 2, 5.42, 23056, 367
239, 0, 369, 376, 169, 24, 0.00%, 0, 0, 2, 20.70, 23572, 367
244, 0, 172, 378, 170, 23, 0.00%, 0, 0, 2, 109.48, 24008, 369
249, 0, 172, 378, 170, 23, 0.00%, 0, 0, 2, 100.95, 24422, 369
255, 0, 172, 380, 172, 23, 0.00%, 0, 0, 2, 123.94, 24888, 374
260, 0, 172, 380, 172, 23, 0.00%, 0, 0, 2, 115.57, 25396, 374
265, 0, 172, 381, 173, 23, 0.00%, 0, 0, 2, 119.07, 25965, 375
271, 0, 172, 381, 173, 23, 0.00%, 0, 0, 2, 117.03, 26519, 375
276, 0, 172, 381, 173, 23, 0.00%, 0, 0, 2, 124.04, 27051, 375
281, 0, 172, 381, 173, 23, 0.00%, 0, 0, 2, 111.01, 27489, 375
286, 0, 172, 381, 173, 23, 0.00%, 0, 0, 2, 29.62, 27919, 375
291, 0, 172, 381, 173, 23, 0.00%, 0, 0, 2, 82.53, 28353, 375
296, 0, 172, 381, 173, 23, 0.00%, 0, 0, 2, 117.48, 28721, 375
302, 0, 172, 381, 173, 23, 0.00%, 0, 0, 2, 111.50, 29219, 375
307, 0, 172, 381, 173, 23, 0.00%, 0, 0, 2, 108.05, 29731, 375
312, 0, 172, 381, 173, 23, 0.00%, 0, 0, 2, 105.69, 30179, 375
317, 0, 172, 381, 173, 23, 0.00%, 0, 0, 2, 141.59, 30613, 375
322, 0, 172, 381, 173, 23, 0.00%, 0, 0, 2, 116.17, 31085, 375
328, 0, 172, 381, 173, 23, 0.00%, 0, 0, 2, 59.94, 31548, 375
333, 0, 172, 381, 173, 23, 0.00%, 0, 0, 2, 121.18, 31997, 375
338, 0, 172, 381, 173, 23, 0.00%, 0, 0, 2, 104.91, 32417, 375
343, 0, 172, 381, 173, 23, 0.00%, 0, 0, 2, 156.65, 33013, 375
348, 0, 172, 381, 173, 23, 0.00%, 0, 0, 2, 199.37, 33709, 375
353, 0, 172, 381, 173, 23, 0.00%, 0, 0, 2, 160.12, 34306, 375
358, 0, 172, 381, 173, 23, 0.00%, 0, 0, 2, 27.47, 34871, 375
363, 0, 172, 381, 173, 23, 0.00%, 0, 0, 2, 93.41, 35426, 375
369, 0, 172, 381, 173, 23, 0.00%, 0, 0, 2, 114.21, 35993, 375
374, 0, 172, 381, 173, 23, 0.00%, 0, 0, 2, 121.85, 36435, 375
379, 0, 172, 381, 173, 23, 0.00%, 0, 0, 2, 126.97, 36989, 375
384, 0, 172, 381, 173, 23, 0.00%, 0, 0, 2, 109.99, 37423, 375
389, 0, 172, 381, 173, 23, 0.00%, 0, 0, 2, 138.35, 37981, 375
394, 0, 172, 381, 173, 23, 0.00%, 0, 0, 2, 7.38, 38569, 375
400, 0, 172, 381, 173, 23, 0.00%, 0, 0, 2, 14.35, 39113, 375
405, 0, 172, 381, 173, 23, 0.00%, 0, 0, 2, 97.53, 39528, 375
410, 0, 172, 381, 173, 23, 0.00%, 0, 0, 2, 122.47, 40137, 375
415, 0, 172, 381, 173, 23, 0.00%, 0, 0, 2, 118.20, 40685, 375
420, 0, 172, 381, 173, 23, 0.00%, 0, 0, 2, 125.98, 41143, 375
425, 0, 172, 381, 173, 23, 0.00%, 0, 0, 2, 133.43, 41821, 375
431, 0, 172, 381, 173, 23, 0.00%, 0, 0, 2, 123.71, 42355, 375
436, 0, 172, 381, 173, 23, 0.00%, 0, 0, 2, 123.53, 42951, 375
442, 0, 172, 381, 173, 23, 0.00%, 0, 0, 2, 116.71, 43509, 375
447, 0, 172, 381, 173, 23, 0.00%, 0, 0, 2, 163.81, 44095, 375
452, 0, 172, 381, 173, 23, 0.00%, 0, 0, 2, 133.35, 44669, 375
457, 0, 172, 381, 173, 23, 0.00%, 0, 0, 2, 123.60, 45223, 375
463, 0, 172, 381, 173, 23, 0.00%, 0, 0, 2, 135.67, 45751, 375
468, 0, 172, 381, 173, 23, 0.00%, 0, 0, 2, 88.17, 46121, 375
473, 0, 172, 381, 173, 23, 0.00%, 0, 0, 2, 101.72, 46593, 375
478, 0, 172, 381, 173, 23, 0.00%, 0, 0, 2, 116.21, 47175, 375
483, 0, 172, 381, 173, 23, 0.00%, 0, 0, 2, 59.39, 47643, 375
488, 0, 172, 381, 173, 23, 0.00%, 0, 0, 2, 146.95, 48135, 375
493, 0, 172, 381, 173, 23, 0.00%, 0, 0, 2, 89.31, 48638, 375
499, 0, 172, 381, 173, 23, 0.00%, 0, 0, 2, 29.49, 49120, 375
504, 0, 172, 381, 173, 23, 0.00%, 0, 0, 2, 81.68, 49578, 375
509, 0, 172, 381, 173, 23, 0.00%, 0, 0, 2, 97.11, 50013, 375
514, 0, 172, 381, 173, 23, 0.00%, 0, 0, 2, 121.56, 50483, 375
519, 0, 172, 381, 173, 23, 0.00%, 0, 0, 2, 140.71, 50939, 375
525, 0, 172, 381, 173, 23, 0.00%, 0, 0, 2, 104.79, 51333, 375
530, 0, 172, 381, 173, 23, 0.00%, 0, 0, 2, 113.53, 51719, 375
535, 0, 172, 381, 173, 23, 0.00%, 0, 0, 2, 108.62, 52165, 375
540, 0, 172, 381, 173, 23, 0.00%, 0, 0, 2, 119.97, 52629, 375
545, 0, 172, 381, 173, 23, 0.00%, 0, 0, 2, 122.37, 53163, 375
550, 0, 172, 381, 173, 23, 0.00%, 0, 0, 2, 120.22, 53677, 375
555, 0, 172, 381, 173, 23, 0.00%, 0, 0, 2, 106.72, 54139, 375
561, 0, 172, 381, 173, 23, 0.00%, 0, 0, 2, 115.80, 54699, 375
566, 0, 172, 381, 173, 23, 0.00%, 0, 0, 2, 127.83, 55315, 375
571, 0, 172, 381, 173, 23, 0.00%, 0, 0, 2, 173.93, 56020, 375
576, 0, 366, 381, 171, 26, 0.00%, 0, 0, 2, 124.58, 56583, 375
581, 0, 366, 381, 171, 26, 0.00%, 0, 0, 2, 136.17, 57223, 375
586, 0, 366, 381, 171, 26, 0.00%, 0, 0, 2, 136.96, 57857, 375
592, 0, 366, 381, 171, 26, 0.00%, 0, 0, 2, 129.41, 58451, 375
597, 0, 366, 381, 171, 26, 0.00%, 0, 0, 2, 24.54, 59027, 375
602, 0, 366, 381, 171, 26, 0.00%, 0, 0, 2, 142.01, 59633, 375
607, 0, 366, 381, 171, 26, 0.00%, 0, 0, 2, 144.28, 60256, 375
612, 0, 366, 381, 171, 26, 0.00%, 0, 0, 2, 145.16, 60899, 375
617, 0, 366, 381, 171, 26, 0.00%, 0, 0, 2, 133.27, 61487, 375
623, 0, 366, 381, 171, 26, 0.00%, 0, 0, 2, 132.08, 62029, 375
628, 0, 366, 381, 171, 26, 0.00%, 0, 0, 2, 116.12, 62545, 375
633, 0, 366, 381, 171, 26, 0.00%, 0, 0, 2, 119.67, 63105, 375
639, 0, 366, 381, 171, 26, 0.00%, 0, 0, 2, 111.75, 63627, 375
644, 0, 366, 381, 171, 26, 0.00%, 0, 0, 2, 178.24, 64139, 375
649, 0, 366, 381, 171, 26, 0.00%, 0, 0, 2, 191.19, 64790, 375
654, 0, 366, 381, 171, 26, 0.00%, 0, 0, 2, 140.19, 65367, 375
659, 0, 366, 381, 171, 26, 0.00%, 0, 0, 2, 120.46, 65883, 375
664, 0, 366, 381, 171, 26, 0.00%, 0, 0, 2, 122.74, 66455, 375
669, 0, 366, 381, 171, 26, 0.00%, 0, 0, 2, 128.66, 67035, 375
674, 0, 366, 381, 171, 26, 0.00%, 0, 0, 2, 123.92, 67557, 375
680, 0, 366, 381, 171, 26, 0.00%, 0, 0, 2, 123.40, 68145, 375
685, 0, 366, 381, 171, 26, 0.00%, 0, 0, 2, 128.21, 68747, 375
690, 0, 366, 381, 171, 26, 0.00%, 0, 0, 2, 20.23, 69301, 375
696, 0, 366, 381, 171, 26, 0.00%, 0, 0, 2, 18.98, 69859, 375
701, 0, 366, 381, 171, 26, 0.00%, 0, 0, 2, 145.50, 70569, 375
706, 0, 366, 381, 171, 26, 0.00%, 0, 0, 2, 151.70, 71169, 375
711, 0, 366, 381, 171, 26, 0.00%, 0, 0, 2, 150.83, 71867, 375
716, 0, 366, 381, 171, 26, 0.00%, 0, 0, 2, 153.11, 72584, 375
721, 0, 366, 381, 171, 26, 0.00%, 0, 0, 2, 142.94, 73211, 375
726, 0, 366, 381, 171, 26, 0.00%, 0, 0, 2, 25.07, 73765, 375
732, 0, 366, 381, 171, 26, 0.00%, 0, 0, 2, 192.91, 74431, 375
737, 0, 366, 381, 171, 26, 0.00%, 0, 0, 2, 162.96, 75146, 375
742, 0, 366, 381, 171, 26, 0.00%, 0, 0, 2, 6.85, 75731, 375
748, 0, 366, 381, 171, 26, 0.00%, 0, 0, 2, 107.64, 76287, 375
753, 0, 366, 381, 171, 26, 0.00%, 0, 0, 2, 103.55, 76701, 375
759, 0, 366, 381, 171, 26, 0.00%, 0, 0, 2, 99.74, 77167, 375
764, 0, 366, 381, 171, 26, 0.00%, 0, 0, 2, 114.26, 77697, 375
769, 0, 366, 381, 171, 26, 0.00%, 0, 0, 2, 126.61, 78265, 375
774, 0, 366, 381, 171, 26, 0.00%, 0, 0, 2, 137.90, 78923, 375
779, 0, 366, 381, 171, 26, 0.00%, 0, 0, 2, 25.51, 79599, 375
784, 0, 366, 381, 171, 26, 0.00%, 0, 0, 2, 100.51, 80179, 375
790, 0, 366, 381, 171, 26, 0.00%, 0, 0, 2, 119.02, 80771, 375
795, 0, 366, 381, 171, 26, 0.00%, 0, 0, 2, 120.61, 81349, 375
800, 0, 366, 381, 171, 26, 0.00%, 0, 0, 2, 131.74, 81985, 375
805, 0, 366, 381, 171, 26, 0.00%, 0, 0, 2, 20.78, 82549, 375
811, 0, 366, 381, 171, 26, 0.00%, 0, 0, 2, 129.59, 83111, 375
816, 0, 366, 381, 171, 26, 0.00%, 0, 0, 2, 20.69, 83639, 375
821, 0, 366, 381, 171, 26, 0.00%, 0, 0, 2, 180.95, 84143, 375
826, 0, 366, 381, 171, 26, 0.00%, 0, 0, 2, 101.66, 84657, 375
831, 0, 366, 381, 171, 26, 0.00%, 0, 0, 2, 120.23, 85219, 375
837, 0, 366, 381, 171, 26, 0.00%, 0, 0, 2, 147.51, 85682, 375
842, 0, 366, 381, 171, 26, 0.00%, 0, 0, 2, 118.99, 86151, 375
847, 0, 366, 381, 171, 26, 0.00%, 0, 0, 2, 103.54, 86645, 375
852, 0, 366, 381, 171, 26, 0.00%, 0, 0, 2, 103.07, 87141, 375
857, 0, 366, 381, 171, 26, 0.00%, 0, 0, 2, 112.56, 87637, 375
862, 0, 366, 381, 171, 26, 0.00%, 0, 0, 2, 113.32, 88129, 375
868, 0, 366, 381, 171, 26, 0.00%, 0, 0, 2, 124.04, 88485, 375
873, 0, 366, 381, 171, 26, 0.00%, 0, 0, 2, 126.49, 89063, 375
878, 0, 352, 384, 173, 25, 0.00%, 0, 0, 2, 115.81, 89570, 378
884, 0, 352, 385, 174, 25, 0.00%, 0, 0, 2, 120.21, 90151, 380
889, 0, 352, 385, 174, 25, 0.00%, 0, 0, 2, 127.49, 90725, 380
894, 0, 352, 385, 174, 25, 0.00%, 0, 0, 2, 23.03, 91241, 380
899, 0, 352, 386, 175, 25, 0.00%, 0, 0, 2, 134.91, 91794, 381
905, 0, 352, 386, 175, 25, 0.00%, 0, 0, 2, 163.55, 92390, 381
910, 0, 352, 387, 176, 25, 0.00%, 0, 0, 2, 156.59, 93042, 382
915, 0, 352, 387, 176, 25, 0.00%, 0, 0, 2, 152.42, 93696, 382
921, 0, 352, 387, 176, 25, 0.00%, 0, 0, 2, 133.13, 94301, 382
926, 0, 352, 387, 176, 25, 0.00%, 0, 0, 2, 120.65, 94845, 382
931, 0, 352, 387, 176, 25, 0.00%, 0, 0, 2, 128.26, 95471, 382
936, 0, 352, 387, 176, 25, 0.00%, 0, 0, 2, 148.15, 96189, 382
941, 0, 352, 387, 176, 25, 0.00%, 0, 0, 2, 147.77, 96841, 382
946, 0, 352, 387, 176, 25, 0.00%, 0, 0, 2, 150.00, 97545, 382
951, 0, 352, 387, 176, 25, 0.00%, 0, 0, 2, 158.03, 98322, 382
957, 0, 352, 387, 176, 25, 0.00%, 0, 0, 2, 203.79, 98898, 382
962, 0, 352, 387, 176, 25, 0.00%, 0, 0, 2, 31.91, 99444, 382
967, 0, 352, 387, 176, 25, 0.00%, 0, 0, 2, 145.05, 100062, 382
972, 0, 352, 387, 176, 25, 0.00%, 0, 0, 2, 153.33, 100801, 382
977, 0, 352, 387, 176, 25, 0.00%, 0, 0, 2, 142.01, 101421, 382
982, 0, 352, 387, 176, 25, 0.00%, 0, 0, 2, 141.15, 101929, 382
987, 0, 352, 387, 176, 25, 0.00%, 0, 0, 2, 124.19, 102383, 382
993, 0, 352, 387, 176, 25, 0.00%, 0, 0, 2, 33.16, 102817, 382
998, 0, 352, 387, 176, 25, 0.00%, 0, 0, 2, 79.21, 103245, 382
1003, 0, 352, 387, 176, 25, 0.00%, 0, 0, 2, 99.40, 103681, 382
1008, 0, 352, 387, 176, 25, 0.00%, 0, 0, 2, 95.12, 104093, 382
1013, 0, 352, 387, 176, 25, 0.00%, 0, 0, 2, 103.84, 104559, 382
1018, 0, 352, 387, 176, 25, 0.00%, 0, 0, 2, 106.52, 105017, 382
1024, 0, 352, 387, 176, 25, 0.00%, 0, 0, 2, 105.46, 105477, 382
1029, 0, 352, 387, 176, 25, 0.00%, 0, 0, 2, 109.23, 105939, 382
1034, 0, 352, 387, 176, 25, 0.00%, 0, 0, 2, 104.51, 106389, 382
1039, 0, 352, 387, 176, 25, 0.00%, 0, 0, 2, 107.91, 106879, 382
1044, 0, 352, 387, 176, 25, 0.00%, 0, 0, 2, 141.57, 107365, 382
1049, 0, 352, 387, 176, 25, 0.00%, 0, 0, 2, 128.33, 107881, 382
1054, 0, 352, 387, 176, 25, 0.00%, 0, 0, 2, 22.47, 108343, 382
1059, 0, 352, 387, 176, 25, 0.00%, 0, 0, 2, 77.46, 108781, 382
1065, 0, 352, 387, 176, 25, 0.00%, 0, 0, 2, 132.00, 109241, 382
1070, 0, 352, 387, 176, 25, 0.00%, 0, 0, 2, 131.99, 109769, 382
1075, 0, 352, 387, 176, 25, 0.00%, 0, 0, 2, 112.59, 110311, 382
1080, 0, 352, 387, 176, 25, 0.00%, 0, 0, 2, 125.50, 110795, 382
1085, 0, 352, 387, 176, 25, 0.00%, 0, 0, 2, 117.08, 111271, 382
1090, 0, 352, 387, 176, 25, 0.00%, 0, 0, 2, 141.95, 111829, 382
1095, 0, 352, 387, 176, 25, 0.00%, 0, 0, 2, 68.10, 112389, 382
1100, 0, 352, 387, 176, 25, 0.00%, 0, 0, 2, 107.84, 112961, 382
1106, 0, 352, 387, 176, 25, 0.00%, 0, 0, 2, 113.14, 113499, 382
1111, 0, 352, 387, 176, 25, 0.00%, 0, 0, 2, 111.44, 114063, 382
1116, 0, 352, 387, 176, 25, 0.00%, 0, 0, 2, 126.30, 114631, 382
1121, 0, 352, 387, 176, 25, 0.00%, 0, 0, 2, 123.82, 115161, 382
1126, 0, 352, 387, 176, 25, 0.00%, 0, 0, 2, 115.70, 115627, 382
1131, 0, 352, 387, 176, 25, 0.00%, 0, 0, 2, 118.58, 116187, 382
1137, 0, 352, 387, 176, 25, 0.00%, 0, 0, 2, 105.00, 116728, 382
1142, 0, 352, 387, 176, 25, 0.00%, 0, 0, 2, 135.06, 117265, 382
1147, 0, 352, 387, 176, 25, 0.00%, 0, 0, 2, 120.05, 117817, 382
1152, 0, 352, 387, 176, 25, 0.00%, 0, 0, 2, 113.00, 118423, 382
1158, 0, 352, 387, 176, 25, 0.00%, 0, 0, 2, 107.03, 118927, 382
1163, 0, 352, 387, 176, 25, 0.00%, 0, 0, 2, 127.61, 119547, 382
1168, 0, 352, 387, 176, 25, 0.00%, 0, 0, 2, 135.78, 120177, 382
1173, 0, 352, 387, 176, 25, 0.00%, 0, 0, 2, 139.40, 120837, 382
1178, 0, 352, 387, 176, 25, 0.00%, 0, 0, 2, 163.49, 121662, 382
1183, 0, 382, 387, 174, 29, 0.00%, 0, 0, 2, 81.69, 122312, 382
1188, 0, 382, 387, 174, 29, 0.00%, 0, 0, 2, 124.19, 122932, 382
1193, 0, 382, 387, 174, 29, 0.00%, 0, 0, 2, 141.20, 123558, 382
1198, 0, 382, 387, 174, 29, 0.00%, 0, 0, 2, 145.97, 124214, 382
1204, 0, 382, 387, 174, 29, 0.00%, 0, 0, 2, 143.39, 124872, 382
1209, 0, 382, 387, 174, 29, 0.00%, 0, 0, 2, 143.75, 125486, 382
1214, 0, 382, 387, 174, 29, 0.00%, 0, 0, 2, 133.00, 125995, 382
1219, 0, 382, 387, 174, 29, 0.00%, 0, 0, 2, 120.96, 126480, 382
1224, 0, 382, 387, 174, 29, 0.00%, 0, 0, 2, 15.18, 126834, 382
1229, 0, 382, 387, 174, 29, 0.00%, 0, 0, 2, 115.94, 127232, 382
1235, 0, 382, 387, 174, 29, 0.00%, 0, 0, 2, 88.77, 127628, 382
1240, 0, 382, 387, 174, 29, 0.00%, 0, 0, 2, 108.66, 128164, 382
1245, 0, 382, 387, 174, 29, 0.00%, 0, 0, 2, 101.37, 128630, 382
1251, 0, 382, 387, 174, 29, 0.00%, 0, 0, 2, 114.21, 129148, 382
1256, 0, 382, 387, 174, 29, 0.00%, 0, 0, 2, 115.02, 129652, 382
1261, 0, 382, 387, 174, 29, 0.00%, 0, 0, 2, 115.02, 130148, 382
1266, 0, 382, 387, 174, 29, 0.00%, 0, 0, 2, 27.03, 130686, 382
1271, 0, 382, 387, 174, 29, 0.00%, 0, 0, 2, 132.63, 131076, 382
1276, 0, 382, 387, 174, 29, 0.00%, 0, 0, 2, 127.76, 131560, 382
1281, 0, 382, 387, 174, 29, 0.00%, 0, 0, 2, 20.62, 132064, 382
1286, 0, 382, 387, 174, 29, 0.00%, 0, 0, 2, 7.38, 132644, 382
1292, 0, 382, 387, 174, 29, 0.00%, 0, 0, 2, 19.05, 133210, 382
1297, 0, 382, 387, 174, 29, 0.00%, 0, 0, 2, 143.92, 133831, 382
1302, 0, 382, 387, 174, 29, 0.00%, 0, 0, 2, 15.96, 134425, 382
1307, 0, 382, 387, 174, 29, 0.00%, 0, 0, 2, 127.85, 134954, 382
1312, 0, 382, 387, 174, 29, 0.00%, 0, 0, 2, 22.14, 135340, 382
1318, 0, 382, 387, 174, 29, 0.00%, 0, 0, 2, 26.87, 135868, 382
1323, 0, 382, 387, 174, 29, 0.00%, 0, 0, 2, 94.21, 136430, 382
1329, 0, 382, 387, 174, 29, 0.00%, 0, 0, 2, 120.22, 137042, 382
1334, 0, 382, 387, 174, 29, 0.00%, 0, 0, 2, 115.59, 137590, 382
1339, 0, 382, 387, 174, 29, 0.00%, 0, 0, 2, 111.55, 138108, 382
1344, 0, 382, 387, 174, 29, 0.00%, 0, 0, 2, 115.12, 138578, 382
1349, 0, 382, 387, 174, 29, 0.00%, 0, 0, 2, 119.76, 139018, 382
1354, 0, 382, 387, 174, 29, 0.00%, 0, 0, 2, 120.06, 139574, 382
1360, 0, 382, 387, 174, 29, 0.00%, 0, 0, 2, 115.58, 140110, 382
1365, 0, 382, 387, 174, 29, 0.00%, 0, 0, 2, 128.74, 140634, 382
1371, 0, 382, 387, 174, 29, 0.00%, 0, 0, 2, 137.63, 141198, 382
1376, 0, 382, 387, 174, 29, 0.00%, 0, 0, 2, 113.82, 141664, 382
1381, 0, 382, 387, 174, 29, 0.00%, 0, 0, 2, 6.21, 142230, 382
1387, 0, 382, 387, 174, 29, 0.00%, 0, 0, 2, 125.27, 142766, 382
1392, 0, 382, 387, 174, 29, 0.00%, 0, 0, 2, 123.99, 143344, 382
1397, 0, 382, 387, 174, 29, 0.00%, 0, 0, 2, 126.95, 143946, 382
1403, 0, 382, 387, 174, 29, 0.00%, 0, 0, 2, 114.66, 144490, 382
1408, 0, 382, 387, 174, 29, 0.00%, 0, 0, 2, 116.18, 144970, 382
1413, 0, 382, 387, 174, 29, 0.00%, 0, 0, 2, 110.61, 145416, 382
1418, 0, 382, 387, 174, 29, 0.00%, 0, 0, 2, 15.36, 145846, 382
1423, 0, 382, 387, 174, 29, 0.00%, 0, 0, 2, 132.85, 146318, 382
1428, 0, 382, 387, 174, 29, 0.00%, 0, 0, 2, 120.30, 146706, 382
1433, 0, 382, 387, 174, 29, 0.00%, 0, 0, 2, 147.77, 147170, 382
1439, 0, 382, 387, 174, 29, 0.00%, 0, 0, 2, 113.69, 147642, 382
1444, 0, 382, 387, 174, 29, 0.00%, 0, 0, 2, 103.34, 148068, 382
1449, 0, 382, 387, 174, 29, 0.00%, 0, 0, 2, 108.11, 148550, 382
1454, 0, 382, 387, 174, 29, 0.00%, 0, 0, 2, 108.40, 149014, 382
1459, 0, 382, 387, 174, 29, 0.00%, 0, 0, 2, 106.22, 149470, 382
1464, 0, 382, 387, 174, 29, 0.00%, 0, 0, 2, 132.39, 150152, 382
1470, 0, 382, 387, 174, 29, 0.00%, 0, 0, 2, 164.68, 150769, 382
1475, 0, 382, 387, 174, 29, 0.00%, 0, 0, 2, 10.71, 151348, 382
1480, 0, 382, 387, 174, 29, 0.00%, 0, 0, 2, 155.95, 152044, 382
1485, 0, 382, 387, 174, 29, 0.00%, 0, 0, 2, 83.15, 152662, 382
1490, 0, 382, 387, 174, 29, 0.00%, 0, 0, 2, 125.27, 153322, 382
1495, 0, 382, 387, 174, 29, 0.00%, 0, 0, 2, 144.34, 154020, 382
1500, 0, 382, 387, 174, 29, 0.00%, 0, 0, 2, 147.45, 154740, 382
1505, 0, 383, 387, 173, 28, 0.00%, 0, 0, 2, 117.44, 155193, 382
1510, 0, 383, 387, 173, 28, 0.00%, 0, 0, 2, 116.82, 155743, 382
1516, 0, 383, 387, 173, 28, 0.00%, 0, 0, 2, 115.85, 156291, 382
1521, 0, 383, 387, 173, 28, 0.00%, 0, 0, 2, 106.55, 156881, 382
1526, 0, 383, 387, 173, 28, 0.00%, 0, 0, 2, 115.30, 157451, 382
1531, 0, 383, 387, 173, 28, 0.00%, 0, 0, 2, 119.78, 158051, 382
1536, 0, 383, 387, 173, 28, 0.00%, 0, 0, 2, 121.24, 158645, 382
1542, 0, 383, 387, 173, 28, 0.00%, 0, 0, 2, 104.75, 159175, 382
1547, 0, 383, 387, 173, 28, 0.00%, 0, 0, 2, 119.31, 159777, 382
1552, 0, 383, 387, 173, 28, 0.00%, 0, 0, 2, 119.48, 160173, 382
1557, 0, 383, 387, 173, 28, 0.00%, 0, 0, 2, 12.63, 160605, 382
1562, 0, 383, 387, 173, 28, 0.00%, 0, 0, 2, 107.56, 161073, 382
1567, 0, 383, 387, 173, 28, 0.00%, 0, 0, 2, 94.34, 161484, 382
1573, 0, 383, 387, 173, 28, 0.00%, 0, 0, 2, 95.29, 161916, 382
1578, 0, 383, 387, 173, 28, 0.00%, 0, 0, 2, 93.87, 162312, 382
1583, 0, 383, 387, 173, 28, 0.00%, 0, 0, 2, 98.93, 162759, 382
1588, 0, 383, 387, 173, 28, 0.00%, 0, 0, 2, 106.05, 163239, 382
1593, 0, 383, 387, 173, 28, 0.00%, 0, 0, 2, 128.59, 163831, 382
1599, 0, 383, 387, 173, 28, 0.00%, 0, 0, 2, 120.16, 164329, 382
1604, 0, 383, 387, 173, 28, 0.00%, 0, 0, 2, 123.03, 164889, 382
1609, 0, 383, 387, 173, 28, 0.00%, 0, 0, 2, 118.89, 165441, 382
1614, 0, 383, 387, 173, 28, 0.00%, 0, 0, 2, 17.06, 165969, 382
1619, 0, 383, 387, 173, 28, 0.00%, 0, 0, 2, 102.46, 166517, 382
1624, 0, 383, 387, 173, 28, 0.00%, 0, 0, 2, 26.95, 167123, 382
1629, 0, 383, 387, 173, 28, 0.00%, 0, 0, 2, 151.47, 167760, 382
1635, 0, 383, 387, 173, 28, 0.00%, 0, 0, 2, 146.39, 168390, 382
1640, 0, 383, 387, 173, 28, 0.00%, 0, 0, 2, 140.80, 169027, 382
1645, 0, 383, 387, 173, 28, 0.00%, 0, 0, 2, 133.00, 169643, 382
1650, 0, 383, 387, 173, 28, 0.00%, 0, 0, 2, 136.77, 170287, 382
1655, 0, 383, 387, 173, 28, 0.00%, 0, 0, 2, 132.11, 170905, 382
1660, 0, 383, 387, 173, 28, 0.00%, 0, 0, 2, 130.33, 171481, 382
1665, 0, 383, 387, 173, 28, 0.00%, 0, 0, 2, 131.95, 172085, 382
1670, 0, 383, 387, 173, 28, 0.00%, 0, 0, 2, 136.04, 172733, 382
1676, 0, 383, 387, 173, 28, 0.00%, 0, 0, 2, 26.61, 173265, 382
1681, 0, 383, 387, 173, 28, 0.00%, 0, 0, 2, 121.23, 173793, 382
1686, 0, 383, 387, 173, 28, 0.00%, 0, 0, 2, 134.47, 174249, 382
1691, 0, 383, 387, 173, 28, 0.00%, 0, 0, 2, 100.64, 174643, 382
1696, 0, 383, 387, 173, 28, 0.00%, 0, 0, 2, 103.77, 175093, 382
1701, 0, 383, 387, 173, 28, 0.00%, 0, 0, 2, 159.00, 175509, 382
1706, 0, 383, 387, 173, 28, 0.00%, 0, 0, 2, 47.43, 175892, 382
1712, 0, 383, 387, 173, 28, 0.00%, 0, 0, 2, 97.06, 176422, 382
1717, 0, 383, 387, 173, 28, 0.00%, 0, 0, 2, 97.09, 176909, 382
1722, 0, 383, 387, 173, 28, 0.00%, 0, 0, 2, 105.00, 177387, 382
1727, 0, 383, 387, 173, 28, 0.00%, 0, 0, 2, 25.38, 177774, 382
1732, 0, 383, 387, 173, 28, 0.00%, 0, 0, 2, 74.08, 178158, 382
1738, 0, 383, 387, 173, 28, 0.00%, 0, 0, 2, 87.25, 178575, 382
1743, 0, 383, 387, 173, 28, 0.00%, 0, 0, 2, 129.09, 178989, 382
1748, 0, 383, 387, 173, 28, 0.00%, 0, 0, 2, 91.27, 179411, 382
1754, 0, 383, 387, 173, 28, 0.00%, 0, 0, 2, 91.72, 179810, 382
1759, 0, 383, 387, 173, 28, 0.00%, 0, 0, 2, 148.06, 180261, 382
1764, 0, 383, 387, 173, 28, 0.00%, 0, 0, 2, 119.68, 180721, 382
1769, 0, 383, 387, 173, 28, 0.00%, 0, 0, 2, 151.59, 181149, 382
1774, 0, 383, 387, 173, 28, 0.00%, 0, 0, 2, 11.79, 181621, 382
1780, 0, 383, 387, 173, 28, 0.00%, 0, 0, 2, 117.93, 182055, 382
1785, 0, 383, 387, 173, 28, 0.00%, 0, 0, 2, 58.23, 182440, 382
1790, 0, 383, 387, 173, 28, 0.00%, 0, 0, 2, 91.25, 182890, 382
1795, 0, 383, 387, 173, 28, 0.00%, 0, 0, 2, 108.38, 183355, 382
1800, 0, 383, 387, 173, 28, 0.00%, 0, 0, 2, 121.41, 183725, 382
1805, 0, 383, 387, 173, 28, 0.00%, 0, 0, 2, 99.20, 184228, 382
1811, 0, 383, 387, 173, 28, 0.00%, 0, 0, 2, 107.31, 184691, 382
1816, 0, 383, 387, 173, 28, 0.00%, 0, 0, 2, 18.90, 185175, 382
1821, 0, 383, 387, 173, 28, 0.00%, 0, 0, 2, 142.89, 185773, 382
1826, 0, 383, 387, 173, 28, 0.00%, 0, 0, 2, 141.35, 186327, 382
1832, 0, 383, 387, 173, 28, 0.00%, 0, 0, 2, 117.75, 186841, 382
1837, 0, 383, 387, 173, 28, 0.00%, 0, 0, 2, 121.48, 187385, 382
1842, 0, 66, 389, 174, 27, 0.00%, 0, 0, 2, 116.61, 187899, 383
1847, 0, 66, 390, 175, 27, 0.00%, 0, 0, 2, 105.26, 188345, 383
1852, 0, 66, 392, 177, 27, 0.00%, 0, 0, 2, 106.24, 188867, 385
1857, 0, 66, 393, 178, 27, 0.00%, 0, 0, 2, 106.49, 189340, 385
1862, 0, 66, 393, 178, 27, 0.00%, 0, 0, 2, 103.48, 189826, 385
1867, 0, 66, 393, 178, 27, 0.00%, 0, 0, 2, 99.43, 190229, 385
1873, 0, 66, 393, 178, 27, 0.00%, 0, 0, 2, 97.33, 190663, 385
1878, 0, 66, 393, 178, 27, 0.00%, 0, 0, 2, 99.35, 191126, 385
1883, 0, 66, 393, 178, 27, 0.00%, 0, 0, 2, 101.12, 191612, 385
1888, 0, 66, 393, 178, 27, 0.00%, 0, 0, 2, 99.11, 192086, 385
1893, 0, 66, 393, 178, 27, 0.00%, 0, 0, 2, 101.46, 192570, 385
1898, 0, 66, 393, 178, 27, 0.00%, 0, 0, 2, 97.93, 193077, 385
1903, 0, 66, 393, 178, 27, 0.00%, 0, 0, 2, 108.21, 193530, 385
1909, 0, 66, 393, 178, 27, 0.00%, 0, 0, 2, 112.07, 194034, 385
1914, 0, 66, 393, 178, 27, 0.00%, 0, 0, 2, 101.98, 194464, 385
1919, 0, 66, 393, 178, 27, 0.00%, 0, 0, 2, 99.68, 194899, 385
1924, 0, 66, 394, 179, 27, 0.00%, 0, 0, 2, 102.33, 195392, 385
1929, 0, 66, 395, 180, 27, 0.00%, 0, 0, 2, 97.86, 195875, 388
1934, 0, 66, 395, 180, 27, 0.00%, 0, 0, 2, 122.48, 196223, 388
1940, 0, 66, 395, 180, 27, 0.00%, 0, 0, 2, 97.30, 196596, 388
1945, 0, 66, 395, 180, 27, 0.00%, 0, 0, 2, 106.69, 197091, 388
1950, 0, 66, 395, 180, 27, 0.00%, 0, 0, 2, 105.98, 197595, 388
1955, 0, 66, 395, 180, 27, 0.00%, 0, 0, 2, 94.67, 198004, 388
1960, 0, 66, 395, 180, 27, 0.00%, 0, 0, 2, 14.60, 198280, 388
1966, 0, 66, 395, 180, 27, 0.00%, 0, 0, 2, 88.31, 198631, 388
1971, 0, 66, 395, 180, 27, 0.00%, 0, 0, 2, 39.22, 198985, 388
1976, 0, 66, 395, 180, 27, 0.00%, 0, 0, 2, 67.71, 199304, 388
1981, 0, 66, 395, 180, 27, 0.00%, 0, 0, 2, 85.49, 199662, 388
1986, 0, 66, 395, 180, 27, 0.00%, 0, 0, 2, 19.80, 200007, 388
1991, 0, 66, 395, 180, 27, 0.00%, 0, 0, 2, 58.36, 200331, 388
1996, 0, 66, 395, 180, 27, 0.00%, 0, 0, 2, 80.70, 200693, 388
2001, 0, 66, 395, 180, 27, 0.00%, 0, 0, 2, 130.73, 201153, 388
2007, 0, 66, 396, 181, 27, 0.00%, 0, 0, 2, 110.43, 201583, 389
2012, 0, 66, 396, 181, 27, 0.00%, 0, 0, 2, 101.18, 202033, 389
2017, 0, 66, 396, 181, 27, 0.00%, 0, 0, 2, 95.98, 202469, 389
2022, 0, 66, 396, 181, 27, 0.00%, 0, 0, 2, 118.14, 202877, 389
2027, 0, 66, 396, 181, 27, 0.00%, 0, 0, 2, 98.41, 203285, 389
2032, 0, 66, 396, 181, 27, 0.00%, 0, 0, 2, 100.24, 203763, 389
2037, 0, 66, 396, 181, 27, 0.00%, 0, 0, 2, 98.63, 204214, 389
2042, 0, 66, 396, 181, 27, 0.00%, 0, 0, 2, 104.07, 204687, 389
2048, 0, 66, 396, 181, 27, 0.00%, 0, 0, 2, 103.12, 205155, 389
2053, 0, 66, 396, 181, 27, 0.00%, 0, 0, 2, 44.76, 205514, 389
2058, 0, 66, 396, 181, 27, 0.00%, 0, 0, 2, 79.91, 205864, 389
2063, 0, 66, 396, 181, 27, 0.00%, 0, 0, 2, 75.74, 206145, 389
2068, 0, 66, 396, 181, 27, 0.00%, 0, 0, 2, 81.54, 206509, 389
2073, 0, 66, 396, 181, 27, 0.00%, 0, 0, 2, 82.41, 206848, 389
2078, 0, 66, 396, 181, 27, 0.00%, 0, 0, 2, 74.72, 207157, 389
2083, 0, 66, 396, 181, 27, 0.00%, 0, 0, 2, 80.44, 207525, 389
2089, 0, 66, 396, 181, 27, 0.00%, 0, 0, 2, 94.52, 207876, 389
2094, 0, 66, 396, 181, 27, 0.00%, 0, 0, 2, 105.37, 208357, 389
2099, 0, 66, 396, 181, 27, 0.00%, 0, 0, 2, 117.46, 208917, 389
2104, 0, 66, 396, 181, 27, 0.00%, 0, 0, 2, 114.93, 209441, 389
2109, 0, 66, 396, 181, 27, 0.00%, 0, 0, 2, 104.06, 209943, 389
2115, 0, 66, 396, 181, 27, 0.00%, 0, 0, 2, 24.64, 210367, 389
2120, 0, 66, 396, 181, 27, 0.00%, 0, 0, 2, 120.06, 210815, 389
2125, 0, 66, 396, 181, 27, 0.00%, 0, 0, 2, 104.08, 211231, 389
2130, 0, 66, 396, 181, 27, 0.00%, 0, 0, 2, 100.42, 211677, 389
2135, 0, 66, 396, 181, 27, 0.00%, 0, 0, 2, 100.12, 212183, 389
2140, 0, 66, 396, 181, 27, 0.00%, 0, 0, 2, 99.53, 212666, 389
2145, 0, 66, 396, 181, 27, 0.00%, 0, 0, 2, 103.56, 213175, 389
2150, 0, 66, 396, 181, 27, 0.00%, 0, 0, 2, 100.77, 213619, 389
2156, 0, 66, 396, 181, 27, 0.00%, 0, 0, 2, 102.02, 214097, 389
2161, 0, 66, 396, 181, 27, 0.00%, 0, 0, 2, 106.31, 214609, 389
2166, 0, 66, 396, 181, 27, 0.00%, 0, 0, 2, 104.18, 215107, 389
2171, 0, 66, 396, 181, 27, 0.00%, 0, 0, 2, 98.28, 215548, 389
2176, 0, 66, 396, 181, 27, 0.00%, 0, 0, 2, 106.36, 215897, 389
2181, 0, 66, 396, 181, 27, 0.00%, 0, 0, 2, 92.75, 216333, 389
2186, 0, 66, 396, 181, 27, 0.00%, 0, 0, 2, 95.99, 216683, 389
2191, 0, 66, 396, 181, 27, 0.00%, 0, 0, 2, 83.88, 217014, 389
2197, 0, 66, 396, 181, 27, 0.00%, 0, 0, 2, 138.32, 217377, 389
2202, 0, 66, 396, 181, 27, 0.00%, 0, 0, 2, 45.05, 217758, 389
2207, 0, 66, 396, 181, 27, 0.00%, 0, 0, 2, 73.68, 218155, 389
2212, 0, 66, 396, 181, 27, 0.00%, 0, 0, 2, 92.02, 218546, 389
2217, 0, 66, 396, 181, 27, 0.00%, 0, 0, 2, 102.76, 219041, 389
2222, 0, 66, 396, 181, 27, 0.00%, 0, 0, 2, 96.97, 219452, 389
2227, 0, 66, 396, 181, 27, 0.00%, 0, 0, 2, 91.62, 219858, 389
2233, 0, 66, 396, 181, 27, 0.00%, 0, 0, 2, 82.28, 220229, 389
2238, 0, 66, 396, 181, 27, 0.00%, 0, 0, 2, 95.46, 220622, 389
2243, 0, 375, 396, 180, 30, 0.00%, 0, 0, 2, 11.95, 221139, 389
2248, 0, 375, 396, 180, 30, 0.00%, 0, 0, 2, 109.24, 221583, 389
2253, 0, 375, 396, 180, 30, 0.00%, 0, 0, 2, 130.99, 222197, 389
2259, 0, 375, 396, 180, 30, 0.00%, 0, 0, 2, 22.56, 222810, 389
2264, 0, 375, 396, 180, 30, 0.00%, 0, 0, 2, 122.68, 223385, 389
2269, 0, 375, 396, 180, 30, 0.00%, 0, 0, 2, 132.19, 224011, 389
2274, 0, 375, 396, 180, 30, 0.00%, 0, 0, 2, 121.65, 224567, 389
2280, 0, 375, 396, 180, 30, 0.00%, 0, 0, 2, 114.34, 225109, 389
2285, 0, 375, 396, 180, 30, 0.00%, 0, 0, 2, 114.22, 225615, 389
2290, 0, 375, 396, 180, 30, 0.00%, 0, 0, 2, 103.49, 226025, 389
2295, 0, 375, 396, 180, 30, 0.00%, 0, 0, 2, 113.42, 226569, 389
2300, 0, 375, 396, 180, 30, 0.00%, 0, 0, 2, 160.01, 227043, 389
2305, 0, 375, 396, 180, 30, 0.00%, 0, 0, 2, 119.83, 227465, 389
2310, 0, 375, 396, 180, 30, 0.00%, 0, 0, 2, 103.38, 227917, 389
2315, 0, 375, 396, 180, 30, 0.00%, 0, 0, 2, 135.42, 228387, 389
2320, 0, 375, 396, 180, 30, 0.00%, 0, 0, 2, 119.97, 228851, 389
2326, 0, 375, 396, 180, 30, 0.00%, 0, 0, 2, 103.94, 229297, 389
2331, 0, 375, 396, 180, 30, 0.00%, 0, 0, 2, 107.74, 229775, 389
2336, 0, 375, 396, 180, 30, 0.00%, 0, 0, 2, 121.82, 230241, 389
2341, 0, 375, 396, 180, 30, 0.00%, 0, 0, 2, 95.49, 230705, 389
2347, 0, 375, 396, 180, 30, 0.00%, 0, 0, 2, 103.88, 231207, 389
2352, 0, 375, 396, 180, 30, 0.00%, 0, 0, 2, 73.17, 231684, 389
2357, 0, 375, 396, 180, 30, 0.00%, 0, 0, 2, 131.14, 232201, 389
2362, 0, 375, 396, 180, 30, 0.00%, 0, 0, 2, 142.62, 232891, 389
2367, 0, 375, 396, 180, 30, 0.00%, 0, 0, 2, 78.41, 233365, 389
2372, 0, 375, 396, 180, 30, 0.00%, 0, 0, 2, 109.00, 233901, 389
2377, 0, 375, 396, 180, 30, 0.00%, 0, 0, 2, 21.70, 234371, 389
2382, 0, 375, 396, 180, 30, 0.00%, 0, 0, 2, 134.38, 234879, 389
2388, 0, 375, 396, 180, 30, 0.00%, 0, 0, 2, 150.00, 235225, 389
2393, 0, 375, 396, 180, 30, 0.00%, 0, 0, 2, 21.35, 235719, 389
2399, 0, 375, 396, 180, 30, 0.00%, 0, 0, 2, 47.79, 236142, 389
2404, 0, 375, 396, 180, 30, 0.00%, 0, 0, 2, 17.21, 236685, 389
2409, 0, 375, 396, 180, 30, 0.00%, 0, 0, 2, 81.62, 237214, 389
2414, 0, 375, 396, 180, 30, 0.00%, 0, 0, 2, 110.44, 237739, 389
2419, 0, 375, 396, 180, 30, 0.00%, 0, 0, 2, 112.45, 238189, 389
2425, 0, 375, 396, 180, 30, 0.00%, 0, 0, 2, 107.42, 238709, 389
2430, 0, 375, 396, 180, 30, 0.00%, 0, 0, 2, 120.22, 239301, 389
2435, 0, 375, 396, 180, 30, 0.00%, 0, 0, 2, 140.33, 239999, 389
2440, 0, 375, 396, 180, 30, 0.00%, 0, 0, 2, 149.68, 240715, 389
2445, 0, 375, 396, 180, 30, 0.00%, 0, 0, 2, 77.90, 241298, 389
2451, 0, 375, 396, 180, 30, 0.00%, 0, 0, 2, 137.59, 242041, 389
2456, 0, 375, 396, 180, 30, 0.00%, 0, 0, 2, 155.24, 242844, 389
2461, 0, 375, 396, 180, 30, 0.00%, 0, 0, 2, 163.71, 243645, 389
2466, 0, 375, 396, 180, 30, 0.00%, 0, 0, 2, 152.15, 244395, 389
2471, 0, 375, 396, 180, 30, 0.00%, 0, 0, 2, 162.11, 245196, 389
2476, 0, 375, 396, 180, 30, 0.00%, 0, 0, 2, 165.55, 245994, 389
2482, 0, 375, 396, 180, 30, 0.00%, 0, 0, 2, 142.68, 246567, 389
2487, 0, 375, 396, 180, 30, 0.00%, 0, 0, 2, 129.46, 247171, 389
2492, 0, 375, 396, 180, 30, 0.00%, 0, 0, 2, 139.76, 247765, 389
2497, 0, 375, 396, 180, 30, 0.00%, 0, 0, 2, 150.08, 248441, 389
2502, 0, 375, 396, 180, 30, 0.00%, 0, 0, 2, 147.95, 249137, 389
2507, 0, 375, 396, 180, 30, 0.00%, 0, 0, 2, 142.68, 249801, 389
2512, 0, 375, 396, 180, 30, 0.00%, 0, 0, 2, 121.64, 250299, 389
2517, 0, 375, 396, 180, 30, 0.00%, 0, 0, 2, 117.23, 250761, 389
2522, 0, 375, 396, 180, 30, 0.00%, 0, 0, 2, 131.95, 251403, 389
2527, 0, 375, 396, 180, 30, 0.00%, 0, 0, 2, 135.30, 252045, 389
2533, 0, 375, 396, 180, 30, 0.00%, 0, 0, 2, 143.83, 252735, 389
2538, 0, 375, 396, 180, 30, 0.00%, 0, 0, 2, 140.03, 253425, 389
2543, 0, 368, 396, 179, 29, 0.00%, 0, 0, 2, 148.78, 254116, 389
2548, 0, 368, 396, 179, 29, 0.00%, 0, 0, 2, 135.71, 254800, 389
2553, 0, 368, 396, 179, 29, 0.00%, 0, 0, 2, 142.20, 255462, 389
2558, 0, 368, 396, 179, 29, 0.00%, 0, 0, 2, 92.27, 255873, 389
2563, 0, 368, 396, 179, 29, 0.00%, 0, 0, 2, 109.01, 256256, 389
2568, 0, 368, 396, 179, 29, 0.00%, 0, 0, 2, 137.09, 256718, 389
2574, 0, 368, 396, 179, 29, 0.00%, 0, 0, 2, 142.09, 257178, 389
2579, 0, 368, 396, 179, 29, 0.00%, 0, 0, 2, 4.29, 257584, 389
2584, 0, 368, 396, 179, 29, 0.00%, 0, 0, 2, 117.28, 258084, 389
2589, 0, 368, 396, 179, 29, 0.00%, 0, 0, 2, 120.70, 258506, 389
2594, 0, 368, 396, 179, 29, 0.00%, 0, 0, 2, 108.14, 259002, 389
2600, 0, 368, 396, 179, 29, 0.00%, 0, 0, 2, 108.02, 259520, 389
2605, 0, 368, 396, 179, 29, 0.00%, 0, 0, 2, 119.00, 260112, 389
2610, 0, 368, 396, 179, 29, 0.00%, 0, 0, 2, 115.03, 260558, 389
2616, 0, 368, 396, 179, 29, 0.00%, 0, 0, 2, 133.78, 261238, 389
2621, 0, 368, 396, 179, 29, 0.00%, 0, 0, 2, 152.41, 261962, 389
2626, 0, 368, 396, 179, 29, 0.00%, 0, 0, 2, 164.54, 262662, 389
2631, 0, 368, 396, 179, 29, 0.00%, 0, 0, 2, 160.52, 263385, 389
2636, 0, 368, 396, 179, 29, 0.00%, 0, 0, 2, 168.57, 263910, 389
2641, 0, 368, 396, 179, 29, 0.00%, 0, 0, 2, 189.05, 264580, 389
2647, 0, 368, 396, 179, 29, 0.00%, 0, 0, 2, 178.95, 265281, 389
2652, 0, 368, 396, 179, 29, 0.00%, 0, 0, 2, 182.81, 265920, 389
2657, 0, 368, 396, 179, 29, 0.00%, 0, 0, 2, 104.40, 266544, 389
2662, 0, 368, 396, 179, 29, 0.00%, 0, 0, 2, 134.38, 267204, 389
2667, 0, 368, 396, 179, 29, 0.00%, 0, 0, 2, 119.16, 267766, 389
2673, 0, 368, 396, 179, 29, 0.00%, 0, 0, 2, 122.54, 268352, 389
2678, 0, 368, 396, 179, 29, 0.00%, 0, 0, 2, 24.82, 268918, 389
2683, 0, 368, 396, 179, 29, 0.00%, 0, 0, 2, 65.70, 269474, 389
2689, 0, 368, 396, 179, 29, 0.00%, 0, 0, 2, 107.49, 269964, 389
2694, 0, 368, 396, 179, 29, 0.00%, 0, 0, 2, 110.48, 270514, 389
2699, 0, 368, 396, 179, 29, 0.00%, 0, 0, 2, 119.61, 271092, 389
2705, 0, 368, 396, 179, 29, 0.00%, 0, 0, 2, 143.40, 271816, 389
2710, 0, 368, 396, 179, 29, 0.00%, 0, 0, 2, 15.71, 272390, 389
2715, 0, 368, 396, 179, 29, 0.00%, 0, 0, 2, 3.17, 273015, 389
2720, 0, 368, 396, 179, 29, 0.00%, 0, 0, 2, 146.44, 273714, 389
2725, 0, 368, 396, 179, 29, 0.00%, 0, 0, 2, 165.88, 274524, 389
2730, 0, 368, 396, 179, 29, 0.00%, 0, 0, 2, 166.82, 275346, 389
2735, 0, 368, 396, 179, 29, 0.00%, 0, 0, 2, 158.11, 276093, 389
2740, 0, 368, 396, 179, 29, 0.00%, 0, 0, 2, 152.76, 276831, 389
2746, 0, 368, 396, 179, 29, 0.00%, 0, 0, 2, 157.64, 277488, 389
2751, 0, 368, 396, 179, 29, 0.00%, 0, 0, 2, 137.49, 278070, 389
2756, 0, 368, 396, 179, 29, 0.00%, 0, 0, 2, 133.44, 278664, 389
2761, 0, 368, 397, 180, 29, 0.00%, 0, 0, 3, 144.50, 279307, 394
2766, 0, 368, 397, 180, 29, 0.00%, 0, 0, 3, 132.72, 279913, 394
2771, 0, 368, 397, 180, 29, 0.00%, 0, 0, 3, 179.20, 280564, 394
2776, 0, 368, 397, 180, 29, 0.00%, 0, 0, 3, 149.73, 281188, 394
2781, 0, 368, 397, 180, 29, 0.00%, 0, 0, 3, 163.09, 281794, 394
2786, 0, 368, 397, 180, 29, 0.00%, 0, 0, 3, 133.10, 282365, 394
2791, 0, 368, 397, 180, 29, 0.00%, 0, 0, 3, 138.48, 283035, 394
2797, 0, 368, 397, 180, 29, 0.00%, 0, 0, 3, 124.64, 283481, 394
2802, 0, 368, 397, 180, 29, 0.00%, 0, 0, 3, 115.94, 284009, 394
2807, 0, 368, 397, 180, 29, 0.00%, 0, 0, 3, 191.85, 284593, 394
2812, 0, 368, 397, 180, 29, 0.00%, 0, 0, 3, 153.67, 285256, 394
2818, 0, 368, 397, 180, 29, 0.00%, 0, 0, 3, 162.77, 286072, 394
2823, 0, 171, 400, 181, 28, 0.00%, 0, 0, 3, 214.23, 287045, 398
2828, 0, 171, 403, 184, 28, 0.00%, 0, 0, 3, 258.36, 288404, 405
2833, 0, 171, 403, 184, 28, 0.00%, 0, 0, 3, 274.25, 289829, 405
2838, 0, 171, 403, 184, 28, 0.00%, 0, 0, 3, 279.15, 291244, 405
2843, 0, 171, 403, 184, 28, 0.00%, 0, 0, 3, 281.83, 292654, 405
2848, 0, 171, 403, 184, 28, 0.00%, 0, 0, 3, 291.29, 294114, 405
2853, 0, 401, 403, 182, 29, 0.00%, 0, 0, 3, 285.83, 295533, 405
2858, 0, 401, 404, 183, 29, 0.00%, 0, 0, 3, 282.89, 297000, 405
2864, 0, 401, 404, 183, 29, 0.00%, 0, 0, 3, 287.92, 298510, 405
2869, 0, 401, 404, 183, 29, 0.00%, 0, 0, 3, 286.19, 299945, 405
2874, 0, 401, 404, 183, 29, 0.00%, 0, 0, 3, 291.29, 301390, 405
2879, 0, 401, 404, 183, 29, 0.00%, 0, 0, 3, 285.66, 302810, 405
2884, 0, 392, 405, 183, 28, 0.00%, 0, 0, 3, 66.64, 303169, 405
2889, 0, 392, 405, 183, 28, 0.00%, 0, 0, 3, 80.06, 303502, 405
2894, 0, 392, 405, 183, 28, 0.00%, 0, 0, 3, 93.93, 303822, 405
2899, 0, 392, 405, 183, 28, 0.00%, 0, 0, 3, 93.16, 304226, 405
2905, 0, 392, 405, 183, 28, 0.00%, 0, 0, 3, 59.90, 304646, 405
2910, 0, 392, 405, 183, 28, 0.00%, 0, 0, 3, 111.84, 305004, 405
2915, 0, 392, 405, 183, 28, 0.00%, 0, 0, 3, 87.04, 305375, 405
2920, 0, 392, 405, 183, 28, 0.00%, 0, 0, 3, 87.02, 305743, 405
2925, 0, 392, 405, 183, 28, 0.00%, 0, 0, 3, 89.95, 306179, 405
2930, 0, 392, 405, 183, 28, 0.00%, 0, 0, 3, 90.14, 306567, 405
2936, 0, 392, 405, 183, 28, 0.00%, 0, 0, 3, 97.95, 307004, 405
2941, 0, 392, 405, 183, 28, 0.00%, 0, 0, 3, 83.97, 307388, 405
2946, 0, 392, 405, 183, 28, 0.00%, 0, 0, 3, 95.36, 307744, 405
2951, 0, 392, 405, 183, 28, 0.00%, 0, 0, 3, 94.69, 308181, 405
2956, 0, 392, 405, 183, 28, 0.00%, 0, 0, 3, 100.55, 308680, 405
2962, 0, 392, 405, 183, 28, 0.00%, 0, 0, 3, 85.08, 309039, 405
2967, 0, 392, 405, 183, 28, 0.00%, 0, 0, 3, 90.10, 309449, 405
2972, 0, 392, 405, 183, 28, 0.00%, 0, 0, 3, 91.06, 309856, 405
2978, 0, 392, 405, 183, 28, 0.00%, 0, 0, 3, 106.37, 310244, 405
2983, 0, 392, 405, 183, 28, 0.00%, 0, 0, 3, 90.83, 310611, 405
2988, 0, 392, 405, 183, 28, 0.00%, 0, 0, 3, 88.30, 311031, 405
2993, 0, 392, 405, 183, 28, 0.00%, 0, 0, 3, 128.73, 311400, 405
2998, 0, 392, 405, 183, 28, 0.00%, 0, 0, 3, 99.38, 311784, 405
3003, 0, 392, 405, 183, 28, 0.00%, 0, 0, 3, 93.25, 312228, 405
3009, 0, 392, 405, 183, 28, 0.00%, 0, 0, 3, 46.73, 312599, 405
3014, 0, 392, 405, 183, 28, 0.00%, 0, 0, 3, 70.37, 312947, 405
3019, 0, 392, 405, 183, 28, 0.00%, 0, 0, 3, 88.74, 313390, 405
3024, 0, 392, 405, 183, 28, 0.00%, 0, 0, 3, 86.74, 313802, 405
3030, 0, 392, 405, 183, 28, 0.00%, 0, 0, 3, 91.13, 314220, 405
3035, 0, 392, 405, 183, 28, 0.00%, 0, 0, 3, 99.62, 314700, 405
3040, 0, 392, 405, 183, 28, 0.00%, 0, 0, 3, 107.05, 315222, 405
3045, 0, 392, 405, 183, 28, 0.00%, 0, 0, 3, 100.85, 315686, 405
3050, 0, 392, 405, 183, 28, 0.00%, 0, 0, 3, 96.10, 316111, 405
3055, 0, 392, 405, 183, 28, 0.00%, 0, 0, 3, 97.46, 316566, 405
3061, 0, 392, 405, 183, 28, 0.00%, 0, 0, 3, 92.79, 316992, 405
3066, 0, 392, 405, 183, 28, 0.00%, 0, 0, 3, 86.90, 317404, 405
3071, 0, 392, 405, 183, 28, 0.00%, 0, 0, 3, 82.65, 317775, 405
3076, 0, 392, 405, 183, 28, 0.00%, 0, 0, 3, 87.42, 318100, 405
3081, 0, 392, 405, 183, 28, 0.00%, 0, 0, 3, 82.21, 318448, 405
3086, 0, 392, 405, 183, 28, 0.00%, 0, 0, 3, 83.16, 318695, 405
3091, 0, 392, 405, 183, 28, 0.00%, 0, 0, 3, 74.96, 318998, 405
3096, 0, 392, 405, 183, 28, 0.00%, 0, 0, 3, 70.13, 319264, 405
3101, 0, 392, 405, 183, 28, 0.00%, 0, 0, 3, 76.70, 319628, 405
3107, 0, 392, 405, 183, 28, 0.00%, 0, 0, 3, 52.31, 319948, 405
3112, 0, 392, 405, 183, 28, 0.00%, 0, 0, 3, 74.18, 320304, 405
3117, 0, 392, 405, 183, 28, 0.00%, 0, 0, 3, 19.17, 320726, 405
3122, 0, 392, 405, 183, 28, 0.00%, 0, 0, 3, 18.47, 321115, 405
3127, 0, 392, 405, 183, 28, 0.00%, 0, 0, 3, 91.32, 321462, 405
3133, 0, 392, 405, 183, 28, 0.00%, 0, 0, 3, 81.20, 321825, 405
3138, 0, 392, 405, 183, 28, 0.00%, 0, 0, 3, 72.99, 322188, 405
3143, 0, 392, 405, 183, 28, 0.00%, 0, 0, 3, 100.31, 322640, 405
3148, 0, 392, 405, 183, 28, 0.00%, 0, 0, 3, 100.82, 323102, 405
3153, 0, 392, 405, 183, 28, 0.00%, 0, 0, 3, 102.30, 323576, 405
3159, 0, 392, 405, 183, 28, 0.00%, 0, 0, 3, 15.70, 323961, 405
3164, 0, 392, 405, 183, 28, 0.00%, 0, 0, 3, 85.53, 324347, 405
3169, 0, 392, 405, 183, 28, 0.00%, 0, 0, 3, 102.16, 324844, 405
3174, 0, 392, 405, 183, 28, 0.00%, 0, 0, 3, 110.68, 325354, 405
3179, 0, 392, 405, 183, 28, 0.00%, 0, 0, 3, 103.42, 325824, 405
3184, 0, 392, 405, 183, 28, 0.00%, 0, 0, 3, 110.52, 326314, 405
3189, 0, 392, 405, 183, 28, 0.00%, 0, 0, 3, 96.55, 326769, 405
3194, 0, 392, 405, 183, 28, 0.00%, 0, 0, 3, 99.30, 327251, 405
3199, 0, 392, 405, 183, 28, 0.00%, 0, 0, 3, 107.49, 327764, 405
3204, 0, 392, 405, 183, 28, 0.00%, 0, 0, 3, 101.09, 328226, 405
3210, 0, 392, 405, 183, 28, 0.00%, 0, 0, 3, 95.69, 328674, 405
3215, 0, 392, 405, 183, 28, 0.00%, 0, 0, 3, 109.26, 329112, 405
3220, 0, 392, 405, 183, 28, 0.00%, 0, 0, 3, 105.08, 329618, 405
3225, 0, 392, 405, 183, 28, 0.00%, 0, 0, 3, 111.95, 330024, 405
3230, 0, 392, 405, 183, 28, 0.00%, 0, 0, 3, 95.71, 330475, 405
3235, 0, 392, 405, 183, 28, 0.00%, 0, 0, 3, 52.34, 330759, 405
3240, 0, 392, 405, 183, 28, 0.00%, 0, 0, 3, 106.50, 331150, 405
3246, 0, 392, 405, 183, 28, 0.00%, 0, 0, 3, 96.86, 331602, 405
3251, 0, 392, 405, 183, 28, 0.00%, 0, 0, 3, 103.35, 331978, 405
3256, 0, 392, 405, 183, 28, 0.00%, 0, 0, 3, 104.84, 332342, 405
3261, 0, 392, 405, 183, 28, 0.00%, 0, 0, 3, 65.79, 332647, 405
3267, 0, 392, 405, 183, 28, 0.00%, 0, 0, 3, 91.21, 333001, 405
3272, 0, 392, 405, 183, 28, 0.00%, 0, 0, 3, 87.87, 333340, 405
3277, 0, 392, 405, 183, 28, 0.00%, 0, 0, 3, 85.17, 333709, 405
3282, 0, 392, 405, 183, 28, 0.00%, 0, 0, 3, 72.28, 334026, 405
3287, 0, 392, 405, 183, 28, 0.00%, 0, 0, 3, 80.39, 334392, 405
3293, 0, 392, 405, 183, 28, 0.00%, 0, 0, 3, 84.63, 334800, 405
3298, 0, 392, 405, 183, 28, 0.00%, 0, 0, 3, 80.48, 335194, 405
3303, 0, 404, 405, 182, 28, 0.00%, 0, 0, 3, 86.97, 335614, 405
3309, 0, 29, 406, 182, 27, 0.00%, 0, 0, 3, 103.41, 335940, 406
3314, 0, 29, 406, 182, 27, 0.00%, 0, 0, 3, 100.48, 336365, 406
3319, 0, 29, 406, 182, 27, 0.00%, 0, 0, 3, 129.76, 337026, 406
3324, 0, 29, 406, 182, 27, 0.00%, 0, 0, 3, 113.39, 337540, 406
3329, 0, 29, 406, 182, 27, 0.00%, 0, 0, 3, 113.81, 338054, 406
3334, 0, 29, 406, 182, 27, 0.00%, 0, 0, 3, 91.55, 338458, 406
3339, 0, 29, 406, 182, 27, 0.00%, 0, 0, 3, 104.34, 338938, 406
3344, 0, 29, 406, 182, 27, 0.00%, 0, 0, 3, 15.67, 339238, 406
3349, 0, 29, 406, 182, 27, 0.00%, 0, 0, 3, 30.26, 339633, 406
3355, 0, 29, 406, 182, 27, 0.00%, 0, 0, 3, 10.88, 340035, 406
3360, 0, 29, 406, 182, 27, 0.00%, 0, 0, 3, 124.96, 340386, 406
3366, 0, 29, 406, 182, 27, 0.00%, 0, 0, 3, 12.77, 340748, 406
3371, 0, 29, 406, 182, 27, 0.00%, 0, 0, 3, 123.55, 341156, 406
3376, 0, 29, 406, 182, 27, 0.00%, 0, 0, 3, 20.44, 341515, 406
3381, 0, 29, 406, 182, 27, 0.00%, 0, 0, 3, 83.74, 341987, 406
3386, 0, 29, 406, 182, 27, 0.00%, 0, 0, 3, 132.03, 342529, 406
3391, 0, 29, 406, 182, 27, 0.00%, 0, 0, 3, 128.25, 343095, 406
3397, 0, 29, 406, 182, 27, 0.00%, 0, 0, 3, 153.04, 343623, 406
3402, 0, 29, 406, 182, 27, 0.00%, 0, 0, 3, 180.00, 344139, 406
3407, 0, 29, 406, 182, 27, 0.00%, 0, 0, 3, 143.22, 344793, 406
3412, 0, 29, 406, 182, 27, 0.00%, 0, 0, 3, 131.56, 345427, 406
3417, 0, 29, 406, 182, 27, 0.00%, 0, 0, 3, 168.36, 346068, 406
3422, 0, 29, 406, 182, 27, 0.00%, 0, 0, 3, 133.60, 346577, 406
3428, 0, 29, 406, 182, 27, 0.00%, 0, 0, 3, 147.22, 347040, 406
3433, 0, 29, 406, 182, 27, 0.00%, 0, 0, 3, 71.90, 347519, 406
3438, 0, 29, 406, 182, 27, 0.00%, 0, 0, 3, 94.21, 347966, 406
3443, 0, 29, 406, 182, 27, 0.00%, 0, 0, 3, 100.19, 348449, 406
3448, 0, 29, 406, 182, 27, 0.00%, 0, 0, 3, 108.72, 348949, 406
3453, 0, 29, 406, 182, 27, 0.00%, 0, 0, 3, 110.40, 349401, 406
3459, 0, 29, 406, 182, 27, 0.00%, 0, 0, 3, 149.25, 350037, 406
3464, 0, 29, 406, 182, 27, 0.00%, 0, 0, 3, 123.34, 350521, 406
3469, 0, 29, 406, 182, 27, 0.00%, 0, 0, 3, 116.40, 351055, 406
3474, 0, 29, 406, 182, 27, 0.00%, 0, 0, 3, 130.03, 351609, 406
3479, 0, 29, 406, 182, 27, 0.00%, 0, 0, 3, 134.86, 352237, 406
3484, 0, 29, 406, 182, 27, 0.00%, 0, 0, 3, 126.22, 352815, 406
3489, 0, 29, 407, 183, 27, 0.00%, 0, 0, 3, 116.37, 353328, 407
3495, 0, 29, 407, 183, 27, 0.00%, 0, 0, 3, 137.09, 353934, 407
3500, 0, 29, 407, 183, 27, 0.00%, 0, 0, 3, 107.81, 354400, 407
3505, 0, 29, 407, 183, 27, 0.00%, 0, 0, 3, 96.20, 354782, 407
3510, 0, 29, 407, 183, 27, 0.00%, 0, 0, 3, 105.24, 355250, 407
3515, 0, 29, 407, 183, 27, 0.00%, 0, 0, 3, 110.42, 355776, 407
3520, 0, 29, 407, 183, 27, 0.00%, 0, 0, 3, 107.70, 356218, 407
3525, 0, 29, 407, 183, 27, 0.00%, 0, 0, 3, 104.28, 356666, 407
3530, 0, 29, 407, 183, 27, 0.00%, 0, 0, 3, 114.37, 357162, 407
3535, 0, 29, 407, 183, 27, 0.00%, 0, 0, 3, 126.60, 357778, 407
3540, 0, 29, 407, 183, 27, 0.00%, 0, 0, 3, 132.55, 358458, 407
3545, 0, 29, 407, 183, 27, 0.00%, 0, 0, 3, 124.63, 359026, 407
3550, 0, 29, 407, 183, 27, 0.00%, 0, 0, 3, 120.47, 359594, 407
3556, 0, 29, 407, 183, 27, 0.00%, 0, 0, 3, 118.26, 360128, 407
3561, 0, 29, 407, 183, 27, 0.00%, 0, 0, 3, 128.72, 360746, 407
3566, 0, 29, 407, 183, 27, 0.00%, 0, 0, 3, 129.59, 361406, 407
3571, 0, 29, 407, 183, 27, 0.00%, 0, 0, 3, 165.54, 362032, 407
3576, 0, 29, 407, 183, 27, 0.00%, 0, 0, 3, 145.85, 362704, 407
3581, 0, 29, 407, 183, 27, 0.00%, 0, 0, 3, 130.37, 363304, 407
3586, 0, 29, 407, 183, 27, 0.00%, 0, 0, 3, 138.21, 364002, 407
3591, 0, 29, 407, 183, 27, 0.00%, 0, 0, 3, 139.27, 364654, 407
3597, 0, 29, 407, 183, 27, 0.00%, 0, 0, 3, 136.30, 365320, 407
3602, 0, 29, 407, 183, 27, 0.00%, 0, 0, 3, 22.62, 365884, 407
3607, 0, 29, 407, 183, 27, 0.00%, 0, 0, 3, 118.97, 366398, 407
3612, 0, 29, 407, 183, 27, 0.00%, 0, 0, 3, 44.69, 366856, 407
3617, 0, 29, 407, 183, 27, 0.00%, 0, 0, 3, 91.94, 367372, 407
3622, 0, 29, 407, 183, 27, 0.00%, 0, 0, 3, 114.63, 367912, 407
3627, 0, 29, 407, 183, 27, 0.00%, 0, 0, 3, 89.64, 368353, 407
3634, 0, 425, 432, 207, 36, 0.01%, 0, 0, 3, 95.41, 368784, 443
3639, 0, 406, 433, 207, 35, 0.01%, 0, 0, 3, 110.09, 369356, 443
3644, 0, 406, 433, 207, 35, 0.01%, 0, 0, 3, 99.66, 369824, 443
3649, 0, 406, 433, 207, 35, 0.01%, 0, 0, 3, 102.68, 370308, 443
3654, 0, 406, 433, 207, 35, 0.01%, 0, 0, 3, 106.19, 370786, 443
3659, 0, 406, 433, 207, 35, 0.01%, 0, 0, 3, 145.16, 371212, 443
3664, 0, 406, 433, 207, 35, 0.01%, 0, 0, 3, 117.22, 371660, 443
3668, 0, 406, 433, 207, 35, 0.01%, 0, 0, 3, 120.37, 372013, 443
