# relative_time, cycles_done, cur_item, corpus_count, pending_total, pending_favs, map_size, saved_crashes, saved_hangs, max_depth, execs_per_sec, total_execs, edges_found
60, 0, 172, 385, 180, 25, 0.00%, 0, 0, 2, 82.40, 8529, 386
65, 0, 172, 385, 180, 25, 0.00%, 0, 0, 2, 31.78, 8874, 386
70, 0, 172, 386, 181, 25, 0.00%, 0, 0, 2, 72.90, 9252, 387
75, 0, 172, 386, 181, 25, 0.00%, 0, 0, 2, 81.85, 9635, 387
80, 0, 172, 386, 181, 25, 0.00%, 0, 0, 2, 88.55, 10011, 387
85, 0, 172, 386, 181, 25, 0.00%, 0, 0, 2, 92.20, 10422, 387
91, 0, 172, 386, 181, 25, 0.00%, 0, 0, 2, 94.30, 10840, 387
96, 0, 172, 386, 181, 25, 0.00%, 0, 0, 2, 20.98, 11358, 387
102, 0, 172, 386, 181, 25, 0.00%, 0, 0, 2, 116.98, 11858, 387
107, 0, 370, 386, 179, 29, 0.00%, 0, 0, 2, 218.37, 12913, 387
112, 0, 370, 386, 179, 29, 0.00%, 0, 0, 2, 278.55, 14433, 387
117, 0, 370, 386, 179, 29, 0.00%, 0, 0, 2, 290.74, 15958, 387
122, 0, 372, 388, 180, 28, 0.00%, 0, 0, 3, 236.34, 17126, 389
127, 0, 372, 389, 181, 28, 0.00%, 0, 0, 3, 226.41, 18241, 390
132, 0, 372, 389, 181, 28, 0.00%, 0, 0, 3, 222.80, 19357, 390
137, 0, 372, 389, 181, 28, 0.00%, 0, 0, 3, 221.54, 20509, 390
142, 0, 384, 389, 179, 29, 0.00%, 0, 0, 3, 139.05, 21481, 390
147, 0, 384, 389, 179, 29, 0.00%, 0, 0, 3, 60.85, 21901, 390
153, 0, 384, 389, 179, 29, 0.00%, 0, 0, 3, 3.47, 22430, 390
158, 0, 384, 389, 179, 29, 0.00%, 0, 0, 3, 119.87, 22971, 390
164, 0, 384, 389, 179, 29, 0.00%, 0, 0, 3, 111.85, 23479, 390
169, 0, 384, 389, 179, 29, 0.00%, 0, 0, 3, 127.48, 23927, 390
174, 0, 384, 389, 179, 29, 0.00%, 0, 0, 3, 116.95, 24425, 390
179, 0, 384, 389, 179, 29, 0.00%, 0, 0, 3, 119.79, 24951, 390
184, 0, 384, 389, 179, 29, 0.00%, 0, 0, 3, 105.63, 25391, 390
190, 0, 384, 389, 179, 29, 0.00%, 0, 0, 3, 164.72, 25922, 390
195, 0, 384, 389, 179, 29, 0.00%, 0, 0, 3, 152.88, 26438, 390
200, 0, 384, 389, 179, 29, 0.00%, 0, 0, 3, 125.86, 26937, 390
205, 0, 384, 389, 179, 29, 0.00%, 0, 0, 3, 132.70, 27427, 390
210, 0, 384, 389, 179, 29, 0.00%, 0, 0, 3, 121.22, 27957, 390
215, 0, 384, 389, 179, 29, 0.00%, 0, 0, 3, 51.35, 28420, 390
220, 0, 384, 389, 179, 29, 0.00%, 0, 0, 3, 103.76, 28817, 390
225, 0, 384, 389, 179, 29, 0.00%, 0, 0, 3, 142.04, 29347, 390
231, 0, 384, 389, 179, 29, 0.00%, 0, 0, 3, 83.56, 29858, 390
236, 0, 384, 389, 179, 29, 0.00%, 0, 0, 3, 101.09, 30359, 390
241, 0, 384, 389, 179, 29, 0.00%, 0, 0, 3, 69.94, 30805, 390
246, 0, 384, 389, 179, 29, 0.00%, 0, 0, 3, 97.28, 31274, 390
251, 0, 384, 389, 179, 29, 0.00%, 0, 0, 3, 15.44, 31715, 390
257, 0, 384, 389, 179, 29, 0.00%, 0, 0, 3, 112.11, 32239, 390
262, 0, 384, 389, 179, 29, 0.00%, 0, 0, 3, 121.93, 32803, 390
268, 0, 384, 389, 179, 29, 0.00%, 0, 0, 3, 121.30, 33381, 390
273, 0, 384, 389, 179, 29, 0.00%, 0, 0, 3, 126.64, 33973, 390
278, 0, 384, 389, 179, 29, 0.00%, 0, 0, 3, 8.80, 34475, 390
284, 0, 384, 389, 179, 29, 0.00%, 0, 0, 3, 95.59, 34896, 390
289, 0, 384, 389, 179, 29, 0.00%, 0, 0, 3, 102.54, 35289, 390
294, 0, 371, 389, 178, 28, 0.00%, 0, 0, 3, 251.38, 36714, 390
299, 0, 371, 390, 179, 28, 0.00%, 0, 0, 3, 282.50, 38230, 391
304, 0, 371, 390, 179, 28, 0.00%, 0, 0, 3, 291.95, 39565, 391
309, 0, 371, 390, 179, 28, 0.00%, 0, 0, 3, 293.98, 41090, 391
314, 0, 371, 390, 179, 28, 0.00%, 0, 0, 3, 292.61, 42610, 391
320, 0, 371, 390, 179, 28, 0.00%, 0, 0, 3, 292.78, 44130, 391
325, 0, 371, 390, 179, 28, 0.00%, 0, 0, 3, 296.37, 45665, 391
330, 0, 371, 390, 179, 28, 0.00%, 0, 0, 3, 296.37, 47190, 391
335, 0, 371, 390, 179, 28, 0.00%, 0, 0, 3, 295.69, 48725, 391
340, 0, 66, 393, 181, 28, 0.00%, 0, 0, 3, 53.41, 49512, 393
345, 0, 66, 393, 181, 28, 0.00%, 0, 0, 3, 92.24, 49979, 393
350, 0, 66, 394, 182, 28, 0.00%, 0, 0, 3, 111.71, 50460, 393
355, 0, 66, 394, 182, 28, 0.00%, 0, 0, 3, 106.45, 50922, 393
361, 0, 66, 395, 183, 28, 0.00%, 0, 0, 3, 99.29, 51346, 394
366, 0, 66, 397, 185, 28, 0.00%, 0, 0, 3, 92.56, 51756, 398
371, 0, 66, 397, 185, 28, 0.00%, 0, 0, 3, 2.07, 52144, 398
376, 0, 66, 397, 185, 28, 0.00%, 0, 0, 3, 105.61, 52557, 398
381, 0, 66, 397, 185, 28, 0.00%, 0, 0, 3, 81.70, 52920, 398
386, 0, 66, 397, 185, 28, 0.00%, 0, 0, 3, 85.57, 53277, 398
391, 0, 66, 398, 186, 28, 0.00%, 0, 0, 3, 92.13, 53720, 398
396, 0, 66, 398, 186, 28, 0.00%, 0, 0, 3, 92.47, 54117, 398
401, 0, 66, 398, 186, 28, 0.00%, 0, 0, 3, 23.42, 54428, 398
406, 0, 66, 398, 186, 28, 0.00%, 0, 0, 3, 130.34, 54841, 398
412, 0, 66, 398, 186, 28, 0.00%, 0, 0, 3, 100.95, 55259, 398
417, 0, 66, 398, 186, 28, 0.00%, 0, 0, 3, 85.37, 55601, 398
422, 0, 66, 398, 186, 28, 0.00%, 0, 0, 3, 100.30, 56064, 398
427, 0, 66, 398, 186, 28, 0.00%, 0, 0, 3, 106.09, 56471, 398
432, 0, 66, 398, 186, 28, 0.00%, 0, 0, 3, 98.15, 56855, 398
437, 0, 66, 398, 186, 28, 0.00%, 0, 0, 3, 94.13, 57258, 398
442, 0, 66, 398, 186, 28, 0.00%, 0, 0, 3, 89.52, 57677, 398
448, 0, 66, 398, 186, 28, 0.00%, 0, 0, 3, 98.26, 58145, 398
453, 0, 66, 399, 187, 28, 0.00%, 0, 0, 3, 75.21, 58523, 398
458, 0, 66, 399, 187, 28, 0.00%, 0, 0, 3, 81.31, 58918, 398
464, 0, 66, 399, 187, 28, 0.00%, 0, 0, 3, 11.70, 59305, 398
469, 0, 66, 399, 187, 28, 0.00%, 0, 0, 3, 81.41, 59644, 398
474, 0, 66, 400, 188, 28, 0.00%, 0, 0, 3, 88.51, 60037, 402
479, 0, 66, 400, 188, 28, 0.00%, 0, 0, 3, 82.32, 60393, 402
484, 0, 66, 400, 188, 28, 0.00%, 0, 0, 3, 80.88, 60720, 402
490, 0, 66, 400, 188, 28, 0.00%, 0, 0, 3, 95.69, 61119, 402
495, 0, 66, 400, 188, 28, 0.00%, 0, 0, 3, 91.17, 61545, 402
500, 0, 66, 400, 188, 28, 0.00%, 0, 0, 3, 77.56, 61855, 402
505, 0, 66, 400, 188, 28, 0.00%, 0, 0, 3, 83.72, 62193, 402
511, 0, 66, 400, 188, 28, 0.00%, 0, 0, 3, 113.84, 62557, 402
516, 0, 66, 400, 188, 28, 0.00%, 0, 0, 3, 96.13, 62957, 402
521, 0, 66, 400, 188, 28, 0.00%, 0, 0, 3, 75.60, 63250, 402
527, 0, 66, 400, 188, 28, 0.00%, 0, 0, 3, 14.77, 63566, 402
532, 0, 66, 400, 188, 28, 0.00%, 0, 0, 3, 98.36, 63926, 402
537, 0, 66, 400, 188, 28, 0.00%, 0, 0, 3, 94.96, 64308, 402
542, 0, 66, 400, 188, 28, 0.00%, 0, 0, 3, 96.46, 64704, 402
547, 0, 66, 400, 188, 28, 0.00%, 0, 0, 3, 93.65, 65101, 402
552, 0, 66, 400, 188, 28, 0.00%, 0, 0, 3, 85.95, 65462, 402
557, 0, 66, 400, 188, 28, 0.00%, 0, 0, 3, 81.74, 65829, 402
563, 0, 66, 400, 188, 28, 0.00%, 0, 0, 3, 86.80, 66237, 402
568, 0, 66, 400, 188, 28, 0.00%, 0, 0, 3, 102.32, 66731, 402
573, 0, 66, 400, 188, 28, 0.00%, 0, 0, 3, 94.06, 67254, 402
578, 0, 66, 400, 188, 28, 0.00%, 0, 0, 3, 97.55, 67708, 402
583, 0, 66, 400, 188, 28, 0.00%, 0, 0, 3, 94.02, 68145, 402
588, 0, 66, 400, 188, 28, 0.00%, 0, 0, 3, 95.22, 68566, 402
594, 0, 66, 400, 188, 28, 0.00%, 0, 0, 3, 95.49, 68980, 402
599, 0, 66, 400, 188, 28, 0.00%, 0, 0, 3, 96.24, 69371, 402
604, 0, 66, 400, 188, 28, 0.00%, 0, 0, 3, 99.00, 69829, 402
609, 0, 66, 400, 188, 28, 0.00%, 0, 0, 3, 101.27, 70273, 402
614, 0, 66, 400, 188, 28, 0.00%, 0, 0, 3, 101.25, 70717, 402
620, 0, 66, 400, 188, 28, 0.00%, 0, 0, 3, 90.74, 71125, 402
625, 0, 66, 400, 188, 28, 0.00%, 0, 0, 3, 87.97, 71532, 402
630, 0, 66, 400, 188, 28, 0.00%, 0, 0, 3, 88.88, 71945, 402
635, 0, 66, 400, 188, 28, 0.00%, 0, 0, 3, 86.31, 72360, 402
641, 0, 66, 400, 188, 28, 0.00%, 0, 0, 3, 112.31, 72749, 402
646, 0, 66, 400, 188, 28, 0.00%, 0, 0, 3, 104.46, 73155, 402
651, 0, 66, 400, 188, 28, 0.00%, 0, 0, 3, 99.45, 73611, 402
656, 0, 66, 400, 188, 28, 0.00%, 0, 0, 3, 96.56, 74029, 402
661, 0, 66, 400, 188, 28, 0.00%, 0, 0, 3, 95.46, 74402, 402
666, 0, 66, 400, 188, 28, 0.00%, 0, 0, 3, 96.33, 74829, 402
671, 0, 66, 400, 188, 28, 0.00%, 0, 0, 3, 89.10, 75210, 402
676, 0, 66, 400, 188, 28, 0.00%, 0, 0, 3, 4.52, 75611, 402
682, 0, 66, 400, 188, 28, 0.00%, 0, 0, 3, 88.32, 76043, 402
687, 0, 66, 400, 188, 28, 0.00%, 0, 0, 3, 96.53, 76498, 402
692, 0, 66, 400, 188, 28, 0.00%, 0, 0, 3, 87.18, 76883, 402
697, 0, 66, 400, 188, 28, 0.00%, 0, 0, 3, 123.67, 77351, 402
703, 0, 66, 400, 188, 28, 0.00%, 0, 0, 3, 31.98, 77822, 402
708, 0, 66, 400, 188, 28, 0.00%, 0, 0, 3, 113.51, 78325, 402
713, 0, 66, 400, 188, 28, 0.00%, 0, 0, 3, 108.95, 78821, 402
718, 0, 66, 400, 188, 28, 0.00%, 0, 0, 3, 103.99, 79297, 402
723, 0, 66, 400, 188, 28, 0.00%, 0, 0, 3, 109.97, 79735, 402
728, 0, 66, 400, 188, 28, 0.00%, 0, 0, 3, 106.08, 80143, 402
733, 0, 66, 400, 188, 28, 0.00%, 0, 0, 3, 106.25, 80631, 402
738, 0, 66, 400, 188, 28, 0.00%, 0, 0, 3, 121.92, 81095, 402
743, 0, 66, 400, 188, 28, 0.00%, 0, 0, 3, 78.24, 81470, 402
749, 0, 66, 400, 188, 28, 0.00%, 0, 0, 3, 80.92, 81877, 402
754, 0, 46, 400, 186, 30, 0.00%, 0, 0, 3, 4.96, 82219, 402
759, 0, 46, 402, 188, 30, 0.00%, 0, 0, 3, 15.56, 82589, 405
765, 0, 46, 404, 190, 30, 0.00%, 0, 0, 3, 104.83, 83015, 406
770, 0, 46, 406, 192, 30, 0.00%, 0, 0, 3, 98.65, 83473, 409
775, 0, 46, 406, 192, 30, 0.00%, 0, 0, 3, 125.01, 83993, 409
780, 0, 46, 406, 192, 30, 0.00%, 0, 0, 3, 106.03, 84459, 409
785, 0, 46, 406, 192, 30, 0.00%, 0, 0, 3, 101.62, 84917, 409
791, 0, 46, 406, 192, 30, 0.00%, 0, 0, 3, 109.18, 85349, 409
796, 0, 46, 406, 192, 30, 0.00%, 0, 0, 3, 94.72, 85765, 409
801, 0, 46, 406, 192, 30, 0.00%, 0, 0, 3, 100.46, 86241, 409
806, 0, 46, 406, 192, 30, 0.00%, 0, 0, 3, 98.04, 86655, 409
811, 0, 46, 406, 192, 30, 0.00%, 0, 0, 3, 12.78, 87071, 409
816, 0, 46, 406, 192, 30, 0.00%, 0, 0, 3, 104.69, 87483, 409
821, 0, 46, 406, 192, 30, 0.00%, 0, 0, 3, 66.45, 87835, 409
826, 0, 46, 406, 192, 30, 0.00%, 0, 0, 3, 87.38, 88205, 409
831, 0, 46, 406, 192, 30, 0.00%, 0, 0, 3, 89.75, 88604, 409
837, 0, 46, 406, 192, 30, 0.00%, 0, 0, 3, 106.43, 88991, 409
842, 0, 46, 406, 192, 30, 0.00%, 0, 0, 3, 29.57, 89357, 409
848, 0, 46, 406, 192, 30, 0.00%, 0, 0, 3, 67.90, 89755, 409
853, 0, 46, 406, 192, 30, 0.00%, 0, 0, 3, 81.97, 90162, 409
858, 0, 46, 406, 192, 30, 0.00%, 0, 0, 3, 120.04, 90543, 409
863, 0, 46, 406, 192, 30, 0.00%, 0, 0, 3, 46.63, 90914, 409
868, 0, 46, 406, 192, 30, 0.00%, 0, 0, 3, 14.58, 91180, 409
873, 0, 46, 406, 192, 30, 0.00%, 0, 0, 3, 101.96, 91619, 409
879, 0, 46, 406, 192, 30, 0.00%, 0, 0, 3, 96.17, 92017, 409
884, 0, 46, 406, 192, 30, 0.00%, 0, 0, 3, 89.25, 92395, 409
889, 0, 46, 406, 192, 30, 0.00%, 0, 0, 3, 105.86, 92843, 409
895, 0, 46, 406, 192, 30, 0.00%, 0, 0, 3, 93.29, 93263, 409
900, 0, 46, 406, 192, 30, 0.00%, 0, 0, 3, 117.09, 93729, 409
905, 0, 46, 406, 192, 30, 0.00%, 0, 0, 3, 105.50, 94211, 409
910, 0, 46, 406, 192, 30, 0.00%, 0, 0, 3, 126.33, 94687, 409
915, 0, 46, 406, 192, 30, 0.00%, 0, 0, 3, 121.39, 95159, 409
921, 0, 46, 406, 192, 30, 0.00%, 0, 0, 3, 121.26, 95573, 409
926, 0, 46, 406, 192, 30, 0.00%, 0, 0, 3, 104.78, 95997, 409
931, 0, 46, 406, 192, 30, 0.00%, 0, 0, 3, 100.91, 96467, 409
936, 0, 46, 406, 192, 30, 0.00%, 0, 0, 3, 111.83, 97015, 409
941, 0, 46, 406, 192, 30, 0.00%, 0, 0, 3, 107.85, 97489, 409
946, 0, 46, 406, 192, 30, 0.00%, 0, 0, 3, 112.72, 98019, 409
952, 0, 46, 406, 192, 30, 0.00%, 0, 0, 3, 113.27, 98581, 409
957, 0, 46, 406, 192, 30, 0.00%, 0, 0, 3, 108.76, 99047, 409
962, 0, 46, 406, 192, 30, 0.00%, 0, 0, 3, 106.16, 99471, 409
967, 0, 46, 406, 192, 30, 0.00%, 0, 0, 3, 142.91, 99933, 409
972, 0, 46, 406, 192, 30, 0.00%, 0, 0, 3, 122.47, 100485, 409
977, 0, 46, 406, 192, 30, 0.00%, 0, 0, 3, 105.62, 100941, 409
982, 0, 46, 406, 192, 30, 0.00%, 0, 0, 3, 104.24, 101347, 409
988, 0, 46, 406, 192, 30, 0.00%, 0, 0, 3, 15.09, 101646, 409
993, 0, 46, 406, 192, 30, 0.00%, 0, 0, 3, 102.65, 102027, 409
998, 0, 46, 406, 192, 30, 0.00%, 0, 0, 3, 36.52, 102336, 409
1003, 0, 46, 406, 192, 30, 0.00%, 0, 0, 3, 83.96, 102693, 409
1008, 0, 46, 406, 192, 30, 0.00%, 0, 0, 3, 88.42, 103067, 409
1014, 0, 46, 406, 192, 30, 0.00%, 0, 0, 3, 124.16, 103429, 409
1019, 0, 46, 407, 193, 30, 0.00%, 0, 0, 3, 99.84, 103778, 413
1024, 0, 46, 407, 193, 30, 0.00%, 0, 0, 3, 103.46, 104142, 413
1029, 0, 46, 407, 193, 30, 0.00%, 0, 0, 3, 58.72, 104489, 413
1034, 0, 46, 407, 193, 30, 0.00%, 0, 0, 3, 70.21, 104814, 413
1039, 0, 46, 407, 193, 30, 0.00%, 0, 0, 3, 99.85, 105168, 413
1044, 0, 46, 407, 193, 30, 0.00%, 0, 0, 3, 93.14, 105501, 413
1050, 0, 46, 407, 193, 30, 0.00%, 0, 0, 3, 89.97, 105904, 413
1055, 0, 46, 407, 193, 30, 0.00%, 0, 0, 3, 83.62, 106309, 413
1061, 0, 46, 407, 193, 30, 0.00%, 0, 0, 3, 22.82, 106680, 413
1066, 0, 46, 407, 193, 30, 0.00%, 0, 0, 3, 49.99, 107086, 413
1072, 0, 46, 407, 193, 30, 0.00%, 0, 0, 3, 88.13, 107519, 413
1077, 0, 46, 407, 193, 30, 0.00%, 0, 0, 3, 99.86, 107904, 413
1083, 0, 46, 407, 193, 30, 0.00%, 0, 0, 3, 18.72, 108296, 413
1088, 0, 46, 407, 193, 30, 0.00%, 0, 0, 3, 95.87, 108748, 413
1093, 0, 46, 407, 193, 30, 0.00%, 0, 0, 3, 91.97, 109177, 413
1099, 0, 46, 407, 193, 30, 0.00%, 0, 0, 3, 93.95, 109615, 413
1104, 0, 46, 407, 193, 30, 0.00%, 0, 0, 3, 88.98, 110029, 413
1109, 0, 46, 407, 193, 30, 0.00%, 0, 0, 3, 10.78, 110422, 413
1114, 0, 46, 407, 193, 30, 0.00%, 0, 0, 3, 89.22, 110859, 413
1119, 0, 46, 407, 193, 30, 0.00%, 0, 0, 3, 105.94, 111266, 413
1125, 0, 46, 407, 193, 30, 0.00%, 0, 0, 3, 94.22, 111658, 413
1130, 0, 46, 407, 193, 30, 0.00%, 0, 0, 3, 92.98, 112051, 413
1135, 0, 46, 407, 193, 30, 0.00%, 0, 0, 3, 88.10, 112460, 413
1140, 0, 46, 407, 193, 30, 0.00%, 0, 0, 3, 89.57, 112870, 413
1145, 0, 46, 407, 193, 30, 0.00%, 0, 0, 3, 77.84, 113325, 413
1150, 0, 46, 407, 193, 30, 0.00%, 0, 0, 3, 92.47, 113780, 413
1155, 0, 46, 407, 193, 30, 0.00%, 0, 0, 3, 106.96, 114208, 413
1161, 0, 46, 407, 193, 30, 0.00%, 0, 0, 3, 101.92, 114650, 413
1166, 0, 166, 407, 191, 33, 0.00%, 0, 0, 3, 81.67, 115106, 413
1171, 0, 166, 409, 193, 33, 0.00%, 0, 0, 3, 121.83, 115752, 416
1176, 0, 166, 409, 193, 33, 0.00%, 0, 0, 3, 154.35, 116562, 416
1181, 0, 166, 410, 194, 33, 0.00%, 0, 0, 3, 146.52, 117275, 416
1187, 0, 166, 410, 194, 33, 0.00%, 0, 0, 3, 141.91, 117919, 416
1192, 0, 166, 410, 194, 33, 0.00%, 0, 0, 3, 144.47, 118575, 416
1197, 0, 166, 410, 194, 33, 0.00%, 0, 0, 3, 150.30, 119241, 416
1202, 0, 166, 410, 194, 33, 0.00%, 0, 0, 3, 140.19, 119883, 416
1207, 0, 166, 410, 194, 33, 0.00%, 0, 0, 3, 136.51, 120485, 416
1212, 0, 166, 410, 194, 33, 0.00%, 0, 0, 3, 106.63, 121047, 416
1217, 0, 166, 410, 194, 33, 0.00%, 0, 0, 3, 104.29, 121453, 416
1222, 0, 166, 410, 194, 33, 0.00%, 0, 0, 3, 153.03, 121843, 416
1228, 0, 166, 410, 194, 33, 0.00%, 0, 0, 3, 102.25, 122232, 416
1233, 0, 166, 410, 194, 33, 0.00%, 0, 0, 3, 104.74, 122641, 416
1238, 0, 166, 410, 194, 33, 0.00%, 0, 0, 3, 144.02, 123139, 416
1243, 0, 166, 410, 194, 33, 0.00%, 0, 0, 3, 70.47, 123599, 416
1248, 0, 166, 410, 194, 33, 0.00%, 0, 0, 3, 98.70, 124077, 416
1253, 0, 166, 410, 194, 33, 0.00%, 0, 0, 3, 17.02, 124597, 416
1259, 0, 166, 410, 194, 33, 0.00%, 0, 0, 3, 115.94, 125153, 416
1264, 0, 166, 410, 194, 33, 0.00%, 0, 0, 3, 124.05, 125753, 416
1269, 0, 166, 410, 194, 33, 0.00%, 0, 0, 3, 36.35, 126194, 416
1274, 0, 166, 410, 194, 33, 0.00%, 0, 0, 3, 125.99, 126639, 416
1280, 0, 166, 410, 194, 33, 0.00%, 0, 0, 3, 130.57, 127167, 416
1285, 0, 166, 410, 194, 33, 0.00%, 0, 0, 3, 138.25, 127757, 416
1290, 0, 166, 410, 194, 33, 0.00%, 0, 0, 3, 134.76, 128301, 416
1295, 0, 166, 410, 194, 33, 0.00%, 0, 0, 3, 169.54, 128968, 416
1300, 0, 166, 410, 194, 33, 0.00%, 0, 0, 3, 26.62, 129523, 416
1305, 0, 166, 410, 194, 33, 0.00%, 0, 0, 3, 97.72, 130064, 416
1310, 0, 166, 410, 194, 33, 0.00%, 0, 0, 3, 123.95, 130499, 416
1315, 0, 166, 410, 194, 33, 0.00%, 0, 0, 3, 123.10, 130961, 416
1321, 0, 166, 410, 194, 33, 0.00%, 0, 0, 3, 122.45, 131467, 416
1326, 0, 166, 410, 194, 33, 0.00%, 0, 0, 3, 142.27, 131985, 416
1331, 0, 166, 410, 194, 33, 0.00%, 0, 0, 3, 124.94, 132507, 416
1336, 0, 166, 410, 194, 33, 0.00%, 0, 0, 3, 119.57, 133015, 416
1341, 0, 166, 410, 194, 33, 0.00%, 0, 0, 3, 104.61, 133471, 416
1346, 0, 166, 410, 194, 33, 0.00%, 0, 0, 3, 107.35, 133941, 416
1351, 0, 166, 410, 194, 33, 0.00%, 0, 0, 3, 116.17, 134447, 416
1357, 0, 166, 410, 194, 33, 0.00%, 0, 0, 3, 113.76, 134989, 416
1362, 0, 166, 410, 194, 33, 0.00%, 0, 0, 3, 113.81, 135537, 416
1367, 0, 166, 410, 194, 33, 0.00%, 0, 0, 3, 107.98, 136035, 416
1373, 0, 166, 410, 194, 33, 0.00%, 0, 0, 3, 99.57, 136575, 416
1378, 0, 166, 410, 194, 33, 0.00%, 0, 0, 3, 108.70, 137123, 416
1383, 0, 166, 411, 195, 33, 0.01%, 0, 0, 3, 118.89, 137688, 421
1388, 0, 166, 411, 195, 33, 0.01%, 0, 0, 3, 122.48, 138228, 421
1393, 0, 166, 411, 195, 33, 0.01%, 0, 0, 3, 71.44, 138809, 421
1398, 0, 166, 411, 195, 33, 0.01%, 0, 0, 3, 111.40, 139368, 421
1404, 0, 166, 411, 195, 33, 0.01%, 0, 0, 3, 109.16, 139870, 421
1409, 0, 166, 411, 195, 33, 0.01%, 0, 0, 3, 101.35, 140320, 421
1414, 0, 166, 411, 195, 33, 0.01%, 0, 0, 3, 109.46, 140810, 421
1419, 0, 166, 411, 195, 33, 0.01%, 0, 0, 3, 103.18, 141216, 421
1424, 0, 166, 411, 195, 33, 0.01%, 0, 0, 3, 107.84, 141672, 421
1429, 0, 166, 411, 195, 33, 0.01%, 0, 0, 3, 98.57, 142056, 421
1435, 0, 166, 411, 195, 33, 0.01%, 0, 0, 3, 119.36, 142510, 421
1440, 0, 166, 411, 195, 33, 0.01%, 0, 0, 3, 134.14, 142992, 421
1445, 0, 166, 411, 195, 33, 0.01%, 0, 0, 3, 49.24, 143409, 421
1450, 0, 166, 411, 195, 33, 0.01%, 0, 0, 3, 87.66, 143872, 421
1456, 0, 166, 411, 195, 33, 0.01%, 0, 0, 3, 50.33, 144361, 421
1461, 0, 166, 411, 195, 33, 0.01%, 0, 0, 3, 104.26, 144940, 421
1466, 0, 166, 411, 195, 33, 0.01%, 0, 0, 3, 125.89, 145590, 421
1471, 0, 166, 411, 195, 33, 0.01%, 0, 0, 3, 13.64, 146182, 421
1477, 0, 166, 411, 195, 33, 0.01%, 0, 0, 3, 162.77, 146834, 421
1482, 0, 166, 411, 195, 33, 0.01%, 0, 0, 3, 56.25, 147463, 421
1487, 0, 404, 412, 195, 33, 0.01%, 0, 0, 3, 107.13, 148045, 421
1492, 0, 404, 413, 196, 33, 0.01%, 0, 0, 3, 127.55, 148520, 421
1497, 0, 404, 413, 196, 33, 0.01%, 0, 0, 3, 113.47, 149062, 421
1502, 0, 404, 413, 196, 33, 0.01%, 0, 0, 3, 99.10, 149506, 421
1507, 0, 404, 413, 196, 33, 0.01%, 0, 0, 3, 90.82, 149883, 421
1512, 0, 404, 413, 196, 33, 0.01%, 0, 0, 3, 84.83, 150279, 421
1518, 0, 404, 413, 196, 33, 0.01%, 0, 0, 3, 87.73, 150706, 421
1523, 0, 404, 414, 197, 33, 0.01%, 0, 0, 3, 91.93, 151145, 424
1528, 0, 404, 414, 197, 33, 0.01%, 0, 0, 3, 4.93, 151624, 424
1533, 0, 404, 414, 197, 33, 0.01%, 0, 0, 3, 99.02, 152071, 424
1538, 0, 404, 415, 198, 33, 0.01%, 0, 0, 3, 14.96, 152458, 424
1544, 0, 404, 415, 198, 33, 0.01%, 0, 0, 3, 98.54, 152909, 424
1549, 0, 404, 415, 198, 33, 0.01%, 0, 0, 3, 70.63, 153272, 424
1554, 0, 404, 415, 198, 33, 0.01%, 0, 0, 3, 67.27, 153595, 424
1559, 0, 404, 415, 198, 33, 0.01%, 0, 0, 3, 92.71, 153940, 424
1564, 0, 404, 415, 198, 33, 0.01%, 0, 0, 3, 31.72, 154304, 424
1569, 0, 404, 415, 198, 33, 0.01%, 0, 0, 3, 73.14, 154625, 424
1574, 0, 404, 415, 198, 33, 0.01%, 0, 0, 3, 81.87, 154924, 424
1579, 0, 404, 415, 198, 33, 0.01%, 0, 0, 3, 123.44, 155275, 424
1585, 0, 404, 415, 198, 33, 0.01%, 0, 0, 3, 104.70, 155669, 424
1590, 0, 404, 415, 198, 33, 0.01%, 0, 0, 3, 91.55, 156015, 424
1595, 0, 404, 415, 198, 33, 0.01%, 0, 0, 3, 91.66, 156438, 424
1600, 0, 404, 415, 198, 33, 0.01%, 0, 0, 3, 89.95, 156864, 424
1605, 0, 404, 415, 198, 33, 0.01%, 0, 0, 3, 99.75, 157351, 424
1611, 0, 404, 415, 198, 33, 0.01%, 0, 0, 3, 41.17, 157774, 424
1616, 0, 404, 415, 198, 33, 0.01%, 0, 0, 3, 63.92, 158106, 424
1621, 0, 404, 415, 198, 33, 0.01%, 0, 0, 3, 92.16, 158600, 424
1626, 0, 404, 415, 198, 33, 0.01%, 0, 0, 3, 102.91, 159095, 424
1632, 0, 404, 415, 198, 33, 0.01%, 0, 0, 3, 110.90, 159561, 424
1637, 0, 404, 415, 198, 33, 0.01%, 0, 0, 3, 100.00, 159995, 424
1642, 0, 404, 415, 198, 33, 0.01%, 0, 0, 3, 102.13, 160493, 424
1647, 0, 404, 415, 198, 33, 0.01%, 0, 0, 3, 103.77, 160955, 424
1652, 0, 404, 415, 198, 33, 0.01%, 0, 0, 3, 105.13, 161447, 424
1657, 0, 404, 415, 198, 33, 0.01%, 0, 0, 3, 101.08, 161859, 424
1662, 0, 404, 415, 198, 33, 0.01%, 0, 0, 3, 2.71, 162314, 424
1667, 0, 404, 415, 198, 33, 0.01%, 0, 0, 3, 103.76, 162803, 424
1673, 0, 404, 415, 198, 33, 0.01%, 0, 0, 3, 95.55, 163253, 424
1678, 0, 404, 415, 198, 33, 0.01%, 0, 0, 3, 106.72, 163697, 424
1683, 0, 404, 415, 198, 33, 0.01%, 0, 0, 3, 94.45, 164080, 424
1688, 0, 404, 415, 198, 33, 0.01%, 0, 0, 3, 87.77, 164454, 424
1693, 0, 404, 415, 198, 33, 0.01%, 0, 0, 3, 74.40, 164748, 424
1699, 0, 404, 415, 198, 33, 0.01%, 0, 0, 3, 94.23, 165117, 424
1704, 0, 404, 415, 198, 33, 0.01%, 0, 0, 3, 82.21, 165448, 424
1709, 0, 404, 415, 198, 33, 0.01%, 0, 0, 3, 105.77, 165797, 424
1714, 0, 404, 416, 199, 33, 0.01%, 0, 0, 3, 92.33, 166185, 427
1719, 0, 404, 416, 199, 33, 0.01%, 0, 0, 3, 16.88, 166537, 427
1725, 0, 404, 416, 199, 33, 0.01%, 0, 0, 3, 85.27, 166881, 427
1730, 0, 404, 416, 199, 33, 0.01%, 0, 0, 3, 59.30, 167138, 427
1735, 0, 404, 416, 199, 33, 0.01%, 0, 0, 3, 79.76, 167517, 427
1740, 0, 404, 416, 199, 33, 0.01%, 0, 0, 3, 73.90, 167787, 427
1745, 0, 404, 416, 199, 33, 0.01%, 0, 0, 3, 76.09, 168118, 427
1750, 0, 404, 416, 199, 33, 0.01%, 0, 0, 3, 77.03, 168432, 427
1755, 0, 404, 416, 199, 33, 0.01%, 0, 0, 3, 77.63, 168758, 427
1760, 0, 404, 417, 200, 33, 0.01%, 0, 0, 3, 83.33, 169116, 428
1765, 0, 404, 417, 200, 33, 0.01%, 0, 0, 3, 85.36, 169498, 428
1771, 0, 404, 417, 200, 33, 0.01%, 0, 0, 3, 89.28, 169834, 428
1776, 0, 404, 417, 200, 33, 0.01%, 0, 0, 3, 80.34, 170153, 428
1781, 0, 404, 417, 200, 33, 0.01%, 0, 0, 3, 88.08, 170524, 428
1786, 0, 404, 417, 200, 33, 0.01%, 0, 0, 3, 36.19, 170821, 428
1791, 0, 404, 417, 200, 33, 0.01%, 0, 0, 3, 66.07, 171167, 428
1796, 0, 404, 417, 200, 33, 0.01%, 0, 0, 3, 89.85, 171527, 428
1801, 0, 404, 417, 200, 33, 0.01%, 0, 0, 3, 47.59, 171841, 428
1807, 0, 404, 417, 200, 33, 0.01%, 0, 0, 3, 79.66, 172180, 428
1812, 0, 404, 417, 200, 33, 0.01%, 0, 0, 3, 133.11, 172609, 428
1818, 0, 404, 417, 200, 33, 0.01%, 0, 0, 3, 107.03, 173013, 428
1823, 0, 404, 417, 200, 33, 0.01%, 0, 0, 3, 91.04, 173427, 428
1828, 0, 404, 417, 200, 33, 0.01%, 0, 0, 3, 90.35, 173865, 428
1834, 0, 404, 417, 200, 33, 0.01%, 0, 0, 3, 86.32, 174259, 428
1840, 0, 404, 417, 200, 33, 0.01%, 0, 0, 3, 90.40, 174687, 428
1845, 0, 404, 417, 200, 33, 0.01%, 0, 0, 3, 4.05, 175134, 428
1850, 0, 404, 417, 200, 33, 0.01%, 0, 0, 3, 122.19, 175677, 428
1855, 0, 404, 417, 200, 33, 0.01%, 0, 0, 3, 105.33, 176163, 428
1860, 0, 404, 417, 200, 33, 0.01%, 0, 0, 3, 108.29, 176655, 428
1865, 0, 404, 417, 200, 33, 0.01%, 0, 0, 3, 98.58, 177071, 428
1870, 0, 404, 417, 200, 33, 0.01%, 0, 0, 3, 101.15, 177547, 428
1876, 0, 404, 417, 200, 33, 0.01%, 0, 0, 3, 9.22, 178029, 428
1881, 0, 404, 417, 200, 33, 0.01%, 0, 0, 3, 103.23, 178505, 428
1886, 0, 404, 418, 201, 33, 0.01%, 0, 0, 3, 100.69, 178995, 429
1891, 0, 404, 418, 201, 33, 0.01%, 0, 0, 3, 98.56, 179479, 429
1896, 0, 404, 418, 201, 33, 0.01%, 0, 0, 3, 107.32, 180011, 429
1901, 0, 404, 418, 201, 33, 0.01%, 0, 0, 3, 99.29, 180483, 429
1906, 0, 349, 418, 199, 35, 0.01%, 0, 0, 3, 99.38, 181011, 429
1911, 0, 349, 418, 199, 35, 0.01%, 0, 0, 3, 125.85, 181634, 429
1916, 0, 349, 418, 199, 35, 0.01%, 0, 0, 3, 125.32, 182204, 429
1922, 0, 349, 419, 200, 35, 0.01%, 0, 0, 3, 140.16, 182900, 433
1927, 0, 349, 419, 200, 35, 0.01%, 0, 0, 3, 139.25, 183566, 433
1932, 0, 349, 419, 200, 35, 0.01%, 0, 0, 3, 122.30, 184106, 433
1937, 0, 349, 419, 200, 35, 0.01%, 0, 0, 3, 115.82, 184560, 433
1942, 0, 349, 419, 200, 35, 0.01%, 0, 0, 3, 168.55, 185194, 433
1948, 0, 349, 419, 200, 35, 0.01%, 0, 0, 3, 149.53, 185892, 433
1953, 0, 349, 419, 200, 35, 0.01%, 0, 0, 3, 141.77, 186556, 433
1958, 0, 349, 419, 200, 35, 0.01%, 0, 0, 3, 50.00, 186965, 433
1963, 0, 349, 419, 200, 35, 0.01%, 0, 0, 3, 77.71, 187337, 433
1968, 0, 349, 419, 200, 35, 0.01%, 0, 0, 3, 102.30, 187828, 433
1973, 0, 349, 419, 200, 35, 0.01%, 0, 0, 3, 98.72, 188236, 433
1979, 0, 349, 419, 200, 35, 0.01%, 0, 0, 3, 72.32, 188750, 433
1984, 0, 349, 419, 200, 35, 0.01%, 0, 0, 3, 96.75, 189270, 433
1989, 0, 349, 419, 200, 35, 0.01%, 0, 0, 3, 111.77, 189732, 433
1994, 0, 349, 419, 200, 35, 0.01%, 0, 0, 3, 102.84, 190130, 433
1999, 0, 349, 419, 200, 35, 0.01%, 0, 0, 3, 125.45, 190742, 433
2004, 0, 349, 419, 200, 35, 0.01%, 0, 0, 3, 133.54, 191382, 433
2010, 0, 349, 419, 200, 35, 0.01%, 0, 0, 3, 143.09, 192002, 433
2015, 0, 349, 419, 200, 35, 0.01%, 0, 0, 3, 123.15, 192556, 433
2020, 0, 349, 419, 200, 35, 0.01%, 0, 0, 3, 162.18, 193141, 433
2025, 0, 349, 419, 200, 35, 0.01%, 0, 0, 3, 142.60, 193698, 433
2030, 0, 349, 419, 200, 35, 0.01%, 0, 0, 3, 134.59, 194356, 433
2035, 0, 349, 419, 200, 35, 0.01%, 0, 0, 3, 195.83, 195000, 433
2041, 0, 349, 419, 200, 35, 0.01%, 0, 0, 3, 158.50, 195649, 433
2046, 0, 349, 419, 200, 35, 0.01%, 0, 0, 3, 142.39, 196286, 433
2051, 0, 349, 419, 200, 35, 0.01%, 0, 0, 3, 26.14, 196870, 433
2056, 0, 349, 419, 200, 35, 0.01%, 0, 0, 3, 61.52, 197332, 433
2061, 0, 349, 419, 200, 35, 0.01%, 0, 0, 3, 84.14, 197731, 433
2067, 0, 349, 419, 200, 35, 0.01%, 0, 0, 3, 94.51, 198189, 433
2072, 0, 349, 419, 200, 35, 0.01%, 0, 0, 3, 116.43, 198650, 433
2077, 0, 349, 419, 200, 35, 0.01%, 0, 0, 3, 126.63, 199112, 433
2082, 0, 349, 419, 200, 35, 0.01%, 0, 0, 3, 2.51, 199514, 433
2087, 0, 349, 419, 200, 35, 0.01%, 0, 0, 3, 109.81, 199990, 433
2092, 0, 349, 419, 200, 35, 0.01%, 0, 0, 3, 165.30, 200545, 433
2097, 0, 349, 419, 200, 35, 0.01%, 0, 0, 3, 165.19, 201307, 433
2102, 0, 349, 419, 200, 35, 0.01%, 0, 0, 3, 146.87, 201988, 433
2108, 0, 349, 419, 200, 35, 0.01%, 0, 0, 3, 144.58, 202690, 433
2113, 0, 349, 419, 200, 35, 0.01%, 0, 0, 3, 147.69, 203347, 433
2118, 0, 349, 419, 200, 35, 0.01%, 0, 0, 3, 25.64, 203946, 433
2123, 0, 349, 419, 200, 35, 0.01%, 0, 0, 3, 94.89, 204575, 433
2128, 0, 349, 419, 200, 35, 0.01%, 0, 0, 3, 156.67, 205216, 433
2134, 0, 349, 419, 200, 35, 0.01%, 0, 0, 3, 151.13, 205948, 433
2139, 0, 349, 419, 200, 35, 0.01%, 0, 0, 3, 140.20, 206568, 433
2144, 0, 349, 419, 200, 35, 0.01%, 0, 0, 3, 154.30, 207358, 433
2149, 0, 349, 419, 200, 35, 0.01%, 0, 0, 3, 137.51, 207956, 433
2154, 0, 349, 419, 200, 35, 0.01%, 0, 0, 3, 135.12, 208608, 433
2159, 0, 349, 419, 200, 35, 0.01%, 0, 0, 3, 140.69, 209264, 433
2164, 0, 349, 419, 200, 35, 0.01%, 0, 0, 3, 142.87, 209948, 433
2169, 0, 349, 419, 200, 35, 0.01%, 0, 0, 3, 140.39, 210606, 433
2175, 0, 349, 419, 200, 35, 0.01%, 0, 0, 3, 141.12, 211060, 433
2180, 0, 349, 419, 200, 35, 0.01%, 0, 0, 3, 128.19, 211652, 433
2185, 0, 349, 419, 200, 35, 0.01%, 0, 0, 3, 114.06, 212104, 433
2190, 0, 349, 419, 200, 35, 0.01%, 0, 0, 3, 112.70, 212606, 433
2195, 0, 349, 419, 200, 35, 0.01%, 0, 0, 3, 102.32, 212992, 433
2200, 0, 349, 419, 200, 35, 0.01%, 0, 0, 3, 115.71, 213546, 433
2206, 0, 358, 420, 200, 34, 0.01%, 0, 0, 3, 104.10, 214003, 434
2211, 0, 358, 420, 200, 34, 0.01%, 0, 0, 3, 120.69, 214511, 434
2216, 0, 358, 420, 200, 34, 0.01%, 0, 0, 3, 131.75, 215185, 434
2221, 0, 358, 420, 200, 34, 0.01%, 0, 0, 3, 137.89, 215763, 434
2227, 0, 358, 420, 200, 34, 0.01%, 0, 0, 3, 119.29, 216289, 434
2232, 0, 358, 420, 200, 34, 0.01%, 0, 0, 3, 104.57, 216751, 434
2237, 0, 358, 420, 200, 34, 0.01%, 0, 0, 3, 110.93, 217291, 434
2242, 0, 358, 420, 200, 34, 0.01%, 0, 0, 3, 122.13, 217899, 434
2247, 0, 358, 420, 200, 34, 0.01%, 0, 0, 3, 106.69, 218321, 434
2252, 0, 358, 420, 200, 34, 0.01%, 0, 0, 3, 130.54, 218915, 434
2257, 0, 358, 420, 200, 34, 0.01%, 0, 0, 3, 176.17, 219505, 434
2263, 0, 358, 420, 200, 34, 0.01%, 0, 0, 3, 132.72, 220005, 434
2268, 0, 358, 420, 200, 34, 0.01%, 0, 0, 3, 135.10, 220621, 434
2273, 0, 358, 420, 200, 34, 0.01%, 0, 0, 3, 85.96, 221115, 434
2278, 0, 358, 420, 200, 34, 0.01%, 0, 0, 3, 98.12, 221591, 434
2283, 0, 358, 420, 200, 34, 0.01%, 0, 0, 3, 103.07, 222061, 434
2288, 0, 358, 420, 200, 34, 0.01%, 0, 0, 3, 105.24, 222501, 434
2293, 0, 358, 420, 200, 34, 0.01%, 0, 0, 3, 107.22, 222983, 434
2299, 0, 358, 420, 200, 34, 0.01%, 0, 0, 3, 136.64, 223459, 434
2304, 0, 358, 420, 200, 34, 0.01%, 0, 0, 3, 121.09, 223937, 434
2309, 0, 358, 420, 200, 34, 0.01%, 0, 0, 3, 108.38, 224401, 434
2314, 0, 358, 420, 200, 34, 0.01%, 0, 0, 3, 94.46, 224773, 434
2319, 0, 358, 421, 201, 34, 0.01%, 0, 0, 3, 100.44, 225219, 436
2325, 0, 358, 421, 201, 34, 0.01%, 0, 0, 3, 100.35, 225677, 436
2330, 0, 358, 421, 201, 34, 0.01%, 0, 0, 3, 101.18, 226097, 436
2335, 0, 358, 421, 201, 34, 0.01%, 0, 0, 3, 114.12, 226547, 436
2341, 0, 358, 421, 201, 34, 0.01%, 0, 0, 3, 21.51, 227053, 436
2346, 0, 358, 421, 201, 34, 0.01%, 0, 0, 3, 110.07, 227563, 436
2351, 0, 358, 421, 201, 34, 0.01%, 0, 0, 3, 75.22, 228046, 436
2356, 0, 358, 421, 201, 34, 0.01%, 0, 0, 3, 104.41, 228529, 436
2361, 0, 358, 421, 201, 34, 0.01%, 0, 0, 3, 130.50, 229197, 436
2366, 0, 358, 421, 201, 34, 0.01%, 0, 0, 3, 138.90, 229639, 436
2372, 0, 358, 421, 201, 34, 0.01%, 0, 0, 3, 124.66, 230153, 436
2377, 0, 358, 421, 201, 34, 0.01%, 0, 0, 3, 58.26, 230603, 436
2382, 0, 358, 421, 201, 34, 0.01%, 0, 0, 3, 97.13, 231081, 436
2387, 0, 358, 421, 201, 34, 0.01%, 0, 0, 3, 95.82, 231435, 436
2392, 0, 358, 421, 201, 34, 0.01%, 0, 0, 3, 99.57, 231887, 436
2398, 0, 358, 421, 201, 34, 0.01%, 0, 0, 3, 95.73, 232295, 436
2403, 0, 358, 421, 201, 34, 0.01%, 0, 0, 3, 113.01, 232813, 436
2408, 0, 358, 421, 201, 34, 0.01%, 0, 0, 3, 126.54, 233233, 436
2413, 0, 358, 421, 201, 34, 0.01%, 0, 0, 3, 113.71, 233721, 436
2419, 0, 358, 421, 201, 34, 0.01%, 0, 0, 3, 104.93, 234221, 436
2424, 0, 358, 421, 201, 34, 0.01%, 0, 0, 3, 40.55, 234680, 436
2429, 0, 358, 421, 201, 34, 0.01%, 0, 0, 3, 92.24, 235153, 436
2434, 0, 358, 421, 201, 34, 0.01%, 0, 0, 3, 157.59, 235744, 436
2439, 0, 358, 421, 201, 34, 0.01%, 0, 0, 3, 146.43, 236423, 436
2444, 0, 358, 421, 201, 34, 0.01%, 0, 0, 3, 61.93, 236991, 436
2449, 0, 358, 421, 201, 34, 0.01%, 0, 0, 3, 119.90, 237643, 436
2454, 0, 358, 421, 201, 34, 0.01%, 0, 0, 3, 148.00, 238415, 436
2459, 0, 358, 421, 201, 34, 0.01%, 0, 0, 3, 147.23, 239135, 436
2464, 0, 358, 421, 201, 34, 0.01%, 0, 0, 3, 151.67, 239860, 436
2469, 0, 358, 421, 201, 34, 0.01%, 0, 0, 3, 154.30, 240601, 436
2475, 0, 358, 421, 201, 34, 0.01%, 0, 0, 3, 159.23, 241402, 436
2480, 0, 358, 421, 201, 34, 0.01%, 0, 0, 3, 126.95, 241969, 436
2485, 0, 358, 421, 201, 34, 0.01%, 0, 0, 3, 128.87, 242579, 436
2490, 0, 358, 421, 201, 34, 0.01%, 0, 0, 3, 115.57, 243071, 436
2495, 0, 358, 421, 201, 34, 0.01%, 0, 0, 3, 134.55, 243719, 436
2500, 0, 358, 421, 201, 34, 0.01%, 0, 0, 3, 136.10, 244363, 436
2505, 0, 358, 421, 201, 34, 0.01%, 0, 0, 3, 131.52, 244981, 436
2511, 0, 358, 421, 201, 34, 0.01%, 0, 0, 3, 124.24, 245547, 436
2516, 0, 358, 421, 201, 34, 0.01%, 0, 0, 3, 111.36, 245973, 436
2521, 0, 375, 421, 200, 35, 0.01%, 0, 0, 3, 135.71, 246531, 436
2526, 0, 375, 421, 200, 35, 0.01%, 0, 0, 3, 254.56, 247969, 436
2531, 0, 375, 421, 200, 35, 0.01%, 0, 0, 3, 276.75, 249434, 436
2536, 0, 375, 421, 200, 35, 0.01%, 0, 0, 3, 284.55, 250914, 436
2541, 0, 375, 421, 200, 35, 0.01%, 0, 0, 3, 282.37, 252384, 436
2546, 0, 375, 421, 200, 35, 0.01%, 0, 0, 3, 283.32, 253849, 436
2552, 0, 396, 422, 200, 34, 0.01%, 0, 0, 3, 96.15, 254930, 436
2557, 0, 396, 422, 200, 34, 0.01%, 0, 0, 3, 11.76, 255305, 436
2562, 0, 396, 422, 200, 34, 0.01%, 0, 0, 3, 62.46, 255653, 436
2567, 0, 396, 422, 200, 34, 0.01%, 0, 0, 3, 71.81, 255963, 436
2573, 0, 396, 422, 200, 34, 0.01%, 0, 0, 3, 74.89, 256326, 436
2578, 0, 396, 422, 200, 34, 0.01%, 0, 0, 3, 93.55, 256665, 436
2583, 0, 396, 422, 200, 34, 0.01%, 0, 0, 3, 89.20, 257016, 436
2588, 0, 396, 422, 200, 34, 0.01%, 0, 0, 3, 103.76, 257360, 436
2593, 0, 396, 422, 200, 34, 0.01%, 0, 0, 3, 88.54, 257722, 436
2598, 0, 396, 422, 200, 34, 0.01%, 0, 0, 3, 82.95, 258068, 436
2603, 0, 396, 422, 200, 34, 0.01%, 0, 0, 3, 83.14, 258498, 436
2608, 0, 396, 422, 200, 34, 0.01%, 0, 0, 3, 92.03, 258908, 436
2614, 0, 396, 422, 200, 34, 0.01%, 0, 0, 3, 110.57, 259364, 436
2619, 0, 396, 422, 200, 34, 0.01%, 0, 0, 3, 108.05, 259840, 436
2624, 0, 396, 422, 200, 34, 0.01%, 0, 0, 3, 108.74, 260370, 436
2629, 0, 396, 422, 200, 34, 0.01%, 0, 0, 3, 134.24, 260796, 436
2634, 0, 396, 422, 200, 34, 0.01%, 0, 0, 3, 137.60, 261268, 436
2639, 0, 396, 422, 200, 34, 0.01%, 0, 0, 3, 111.73, 261730, 436
2644, 0, 396, 422, 200, 34, 0.01%, 0, 0, 3, 117.20, 262114, 436
2650, 0, 396, 422, 200, 34, 0.01%, 0, 0, 3, 106.57, 262632, 436
2655, 0, 396, 422, 200, 34, 0.01%, 0, 0, 3, 99.14, 263110, 436
2660, 0, 396, 422, 200, 34, 0.01%, 0, 0, 3, 97.22, 263532, 436
2665, 0, 396, 422, 200, 34, 0.01%, 0, 0, 3, 93.19, 263975, 436
2671, 0, 396, 422, 200, 34, 0.01%, 0, 0, 3, 87.21, 264368, 436
2676, 0, 396, 422, 200, 34, 0.01%, 0, 0, 3, 138.25, 264784, 436
2681, 0, 396, 422, 200, 34, 0.01%, 0, 0, 3, 88.01, 265182, 436
2687, 0, 396, 422, 200, 34, 0.01%, 0, 0, 3, 84.61, 265556, 436
2692, 0, 396, 422, 200, 34, 0.01%, 0, 0, 3, 111.77, 265968, 436
2697, 0, 396, 422, 200, 34, 0.01%, 0, 0, 3, 83.61, 266346, 436
2702, 0, 396, 422, 200, 34, 0.01%, 0, 0, 3, 99.78, 266815, 436
2707, 0, 396, 422, 200, 34, 0.01%, 0, 0, 3, 98.38, 267276, 436
2712, 0, 396, 422, 200, 34, 0.01%, 0, 0, 3, 93.11, 267687, 436
2717, 0, 396, 422, 200, 34, 0.01%, 0, 0, 3, 108.86, 268148, 436
2723, 0, 396, 422, 200, 34, 0.01%, 0, 0, 3, 108.58, 268680, 436
2728, 0, 396, 422, 200, 34, 0.01%, 0, 0, 3, 117.42, 269278, 436
2733, 0, 396, 422, 200, 34, 0.01%, 0, 0, 3, 123.06, 269816, 436
2738, 0, 396, 422, 200, 34, 0.01%, 0, 0, 3, 110.84, 270298, 436
2743, 0, 396, 422, 200, 34, 0.01%, 0, 0, 3, 102.66, 270780, 436
2748, 0, 396, 422, 200, 34, 0.01%, 0, 0, 3, 92.33, 271198, 436
2754, 0, 396, 422, 200, 34, 0.01%, 0, 0, 3, 85.04, 271602, 436
2759, 0, 396, 422, 200, 34, 0.01%, 0, 0, 3, 96.38, 272065, 436
2764, 0, 396, 422, 200, 34, 0.01%, 0, 0, 3, 99.64, 272584, 436
2769, 0, 396, 422, 200, 34, 0.01%, 0, 0, 3, 119.46, 273044, 436
2774, 0, 396, 422, 200, 34, 0.01%, 0, 0, 3, 98.92, 273486, 436
2779, 0, 396, 422, 200, 34, 0.01%, 0, 0, 3, 100.08, 273940, 436
2784, 0, 396, 422, 200, 34, 0.01%, 0, 0, 3, 94.20, 274359, 436
2789, 0, 396, 422, 200, 34, 0.01%, 0, 0, 3, 97.35, 274798, 436
2794, 0, 396, 422, 200, 34, 0.01%, 0, 0, 3, 63.84, 275148, 436
2800, 0, 396, 422, 200, 34, 0.01%, 0, 0, 3, 72.86, 275475, 436
2805, 0, 396, 422, 200, 34, 0.01%, 0, 0, 3, 84.38, 275898, 436
2810, 0, 396, 422, 200, 34, 0.01%, 0, 0, 3, 93.29, 276336, 436
2815, 0, 396, 422, 200, 34, 0.01%, 0, 0, 3, 105.34, 276850, 436
2820, 0, 396, 422, 200, 34, 0.01%, 0, 0, 3, 100.31, 277328, 436
2825, 0, 396, 422, 200, 34, 0.01%, 0, 0, 3, 94.81, 277726, 436
2830, 0, 396, 422, 200, 34, 0.01%, 0, 0, 3, 111.19, 278210, 436
2835, 0, 396, 422, 200, 34, 0.01%, 0, 0, 3, 102.08, 278674, 436
2840, 0, 396, 422, 200, 34, 0.01%, 0, 0, 3, 110.21, 279190, 436
2845, 0, 396, 422, 200, 34, 0.01%, 0, 0, 3, 94.33, 279614, 436
2850, 0, 396, 422, 200, 34, 0.01%, 0, 0, 3, 91.30, 279942, 436
2855, 0, 396, 422, 200, 34, 0.01%, 0, 0, 3, 82.92, 280352, 436
2861, 0, 396, 422, 200, 34, 0.01%, 0, 0, 3, 91.91, 280784, 436
2866, 0, 396, 422, 200, 34, 0.01%, 0, 0, 3, 88.64, 281203, 436
2871, 0, 396, 422, 200, 34, 0.01%, 0, 0, 3, 92.54, 281662, 436
2876, 0, 396, 422, 200, 34, 0.01%, 0, 0, 3, 111.12, 282100, 436
2882, 0, 396, 422, 200, 34, 0.01%, 0, 0, 3, 88.50, 282462, 436
2887, 0, 396, 422, 200, 34, 0.01%, 0, 0, 3, 84.81, 282836, 436
2892, 0, 396, 422, 200, 34, 0.01%, 0, 0, 3, 73.60, 283151, 436
2897, 0, 396, 422, 200, 34, 0.01%, 0, 0, 3, 84.49, 283565, 436
2903, 0, 396, 422, 200, 34, 0.01%, 0, 0, 3, 71.44, 283955, 436
2908, 0, 396, 422, 200, 34, 0.01%, 0, 0, 3, 67.55, 284313, 436
2913, 0, 396, 422, 200, 34, 0.01%, 0, 0, 3, 77.88, 284660, 436
2918, 0, 396, 422, 200, 34, 0.01%, 0, 0, 3, 75.78, 285005, 436
2924, 0, 396, 422, 200, 34, 0.01%, 0, 0, 3, 98.54, 285396, 436
2929, 0, 396, 422, 200, 34, 0.01%, 0, 0, 3, 90.34, 285805, 436
2934, 0, 396, 422, 200, 34, 0.01%, 0, 0, 3, 97.00, 286268, 436
2940, 0, 396, 422, 200, 34, 0.01%, 0, 0, 3, 113.64, 286670, 436
2945, 0, 396, 422, 200, 34, 0.01%, 0, 0, 3, 92.90, 287047, 436
2950, 0, 396, 422, 200, 34, 0.01%, 0, 0, 3, 94.76, 287451, 436
2955, 0, 410, 422, 199, 33, 0.01%, 0, 0, 3, 124.93, 288059, 436
2960, 0, 410, 422, 199, 33, 0.01%, 0, 0, 3, 119.74, 288573, 436
2965, 0, 410, 422, 199, 33, 0.01%, 0, 0, 3, 114.24, 289063, 436
2970, 0, 410, 422, 199, 33, 0.01%, 0, 0, 3, 114.81, 289585, 436
2976, 0, 410, 422, 199, 33, 0.01%, 0, 0, 3, 114.43, 290139, 436
2981, 0, 410, 423, 200, 33, 0.01%, 0, 0, 3, 115.17, 290619, 438
2986, 0, 410, 423, 200, 33, 0.01%, 0, 0, 3, 105.61, 291135, 438
2991, 0, 410, 423, 200, 33, 0.01%, 0, 0, 3, 35.05, 291624, 438
2996, 0, 410, 423, 200, 33, 0.01%, 0, 0, 3, 89.85, 292104, 438
3001, 0, 410, 423, 200, 33, 0.01%, 0, 0, 3, 123.87, 292705, 438
3007, 0, 410, 423, 200, 33, 0.01%, 0, 0, 3, 95.37, 293212, 438
3012, 0, 410, 423, 200, 33, 0.01%, 0, 0, 3, 100.01, 293631, 438
3017, 0, 410, 423, 200, 33, 0.01%, 0, 0, 3, 150.29, 294202, 438
3022, 0, 410, 423, 200, 33, 0.01%, 0, 0, 3, 126.71, 294727, 438
3027, 0, 410, 423, 200, 33, 0.01%, 0, 0, 3, 126.53, 295235, 438
3032, 0, 410, 423, 200, 33, 0.01%, 0, 0, 3, 161.98, 295900, 438
3037, 0, 410, 423, 200, 33, 0.01%, 0, 0, 3, 157.63, 296614, 438
3042, 0, 410, 423, 200, 33, 0.01%, 0, 0, 3, 154.15, 297334, 438
3048, 0, 410, 423, 200, 33, 0.01%, 0, 0, 3, 103.77, 297849, 438
3053, 0, 410, 423, 200, 33, 0.01%, 0, 0, 3, 121.28, 298421, 438
3058, 0, 410, 423, 200, 33, 0.01%, 0, 0, 3, 121.45, 298991, 438
3063, 0, 410, 423, 200, 33, 0.01%, 0, 0, 3, 127.62, 299589, 438
3068, 0, 410, 423, 200, 33, 0.01%, 0, 0, 3, 113.54, 300115, 438
3073, 0, 410, 423, 200, 33, 0.01%, 0, 0, 3, 103.50, 300565, 438
3078, 0, 410, 423, 200, 33, 0.01%, 0, 0, 3, 101.19, 300983, 438
3084, 0, 410, 423, 200, 33, 0.01%, 0, 0, 3, 88.77, 301337, 438
3089, 0, 410, 423, 200, 33, 0.01%, 0, 0, 3, 86.38, 301654, 438
3094, 0, 410, 423, 200, 33, 0.01%, 0, 0, 3, 79.21, 302017, 438
3099, 0, 410, 423, 200, 33, 0.01%, 0, 0, 3, 28.73, 302458, 438
3104, 0, 410, 423, 200, 33, 0.01%, 0, 0, 3, 167.00, 302935, 438
3109, 0, 410, 423, 200, 33, 0.01%, 0, 0, 3, 21.82, 303343, 438
3115, 0, 410, 423, 200, 33, 0.01%, 0, 0, 3, 203.36, 303957, 438
3120, 0, 410, 423, 200, 33, 0.01%, 0, 0, 3, 169.15, 304609, 438
3125, 0, 410, 424, 201, 33, 0.01%, 0, 0, 3, 187.39, 305003, 439
3130, 0, 410, 424, 201, 33, 0.01%, 0, 0, 3, 69.80, 305465, 439
3135, 0, 410, 424, 201, 33, 0.01%, 0, 0, 3, 44.61, 305928, 439
3140, 0, 410, 424, 201, 33, 0.01%, 0, 0, 3, 112.20, 306568, 439
3145, 0, 410, 424, 201, 33, 0.01%, 0, 0, 3, 129.56, 307184, 439
3151, 0, 410, 424, 201, 33, 0.01%, 0, 0, 3, 129.58, 307778, 439
3156, 0, 410, 424, 201, 33, 0.01%, 0, 0, 3, 124.92, 308392, 439
3161, 0, 410, 424, 201, 33, 0.01%, 0, 0, 3, 131.09, 308870, 439
3166, 0, 410, 424, 201, 33, 0.01%, 0, 0, 3, 121.86, 309452, 439
3171, 0, 410, 424, 201, 33, 0.01%, 0, 0, 3, 139.44, 310082, 439
3176, 0, 410, 424, 201, 33, 0.01%, 0, 0, 3, 145.57, 310794, 439
3181, 0, 410, 424, 201, 33, 0.01%, 0, 0, 3, 138.75, 311422, 439
3187, 0, 410, 425, 202, 33, 0.01%, 0, 0, 3, 154.38, 312210, 439
3192, 0, 410, 425, 202, 33, 0.01%, 0, 0, 3, 174.71, 312840, 439
3197, 0, 410, 425, 202, 33, 0.01%, 0, 0, 3, 154.54, 313497, 439
3202, 0, 410, 425, 202, 33, 0.01%, 0, 0, 3, 148.44, 314214, 439
3207, 0, 410, 425, 202, 33, 0.01%, 0, 0, 3, 140.57, 314841, 439
3212, 0, 410, 425, 202, 33, 0.01%, 0, 0, 3, 185.19, 315435, 439
3217, 0, 410, 425, 202, 33, 0.01%, 0, 0, 3, 159.63, 316137, 439
3222, 0, 410, 425, 202, 33, 0.01%, 0, 0, 3, 118.71, 316641, 439
3228, 0, 410, 425, 202, 33, 0.01%, 0, 0, 3, 140.63, 317351, 439
3233, 0, 410, 425, 202, 33, 0.01%, 0, 0, 3, 101.40, 317801, 439
3238, 0, 410, 425, 202, 33, 0.01%, 0, 0, 3, 113.49, 318357, 439
3243, 0, 410, 425, 202, 33, 0.01%, 0, 0, 3, 132.95, 318925, 439
3249, 0, 410, 425, 202, 33, 0.01%, 0, 0, 3, 107.41, 319409, 439
3254, 0, 410, 425, 202, 33, 0.01%, 0, 0, 3, 99.01, 319837, 439
3259, 0, 410, 425, 202, 33, 0.01%, 0, 0, 3, 111.96, 320333, 439
3264, 0, 29, 426, 201, 32, 0.01%, 0, 0, 3, 134.85, 320737, 439
3269, 0, 29, 426, 201, 32, 0.01%, 0, 0, 3, 93.94, 321088, 439
3274, 0, 29, 426, 201, 32, 0.01%, 0, 0, 3, 95.19, 321497, 439
3280, 0, 29, 426, 201, 32, 0.01%, 0, 0, 3, 7.97, 321881, 439
3285, 0, 29, 426, 201, 32, 0.01%, 0, 0, 3, 84.48, 322263, 439
3290, 0, 29, 426, 201, 32, 0.01%, 0, 0, 3, 94.33, 322678, 439
3295, 0, 29, 426, 201, 32, 0.01%, 0, 0, 3, 115.13, 323131, 439
3300, 0, 29, 426, 201, 32, 0.01%, 0, 0, 3, 101.30, 323541, 439
3306, 0, 29, 426, 201, 32, 0.01%, 0, 0, 3, 144.90, 323981, 439
3311, 0, 29, 426, 201, 32, 0.01%, 0, 0, 3, 89.94, 324407, 439
3316, 0, 29, 426, 201, 32, 0.01%, 0, 0, 3, 116.94, 324949, 439
3321, 0, 29, 426, 201, 32, 0.01%, 0, 0, 3, 120.31, 325551, 439
3326, 0, 29, 426, 201, 32, 0.01%, 0, 0, 3, 114.23, 326069, 439
3332, 0, 29, 426, 201, 32, 0.01%, 0, 0, 3, 19.09, 326539, 439
3337, 0, 29, 426, 201, 32, 0.01%, 0, 0, 3, 99.99, 327011, 439
3342, 0, 29, 426, 201, 32, 0.01%, 0, 0, 3, 7.01, 327379, 439
3347, 0, 29, 426, 201, 32, 0.01%, 0, 0, 3, 109.24, 327825, 439
3353, 0, 29, 426, 201, 32, 0.01%, 0, 0, 3, 19.97, 328229, 439
3358, 0, 29, 426, 201, 32, 0.01%, 0, 0, 3, 98.36, 328529, 439
3364, 0, 29, 426, 201, 32, 0.01%, 0, 0, 3, 18.78, 328927, 439
3369, 0, 29, 426, 201, 32, 0.01%, 0, 0, 3, 39.18, 329330, 439
3374, 0, 29, 426, 201, 32, 0.01%, 0, 0, 3, 2.01, 329665, 439
3379, 0, 29, 426, 201, 32, 0.01%, 0, 0, 3, 107.30, 330137, 439
3384, 0, 29, 426, 201, 32, 0.01%, 0, 0, 3, 111.17, 330615, 439
3389, 0, 29, 426, 201, 32, 0.01%, 0, 0, 3, 118.66, 331179, 439
3395, 0, 29, 426, 201, 32, 0.01%, 0, 0, 3, 167.21, 331700, 439
3400, 0, 29, 426, 201, 32, 0.01%, 0, 0, 3, 134.93, 332247, 439
3405, 0, 29, 426, 201, 32, 0.01%, 0, 0, 3, 114.84, 332835, 439
3410, 0, 29, 426, 201, 32, 0.01%, 0, 0, 3, 119.18, 333411, 439
3415, 0, 29, 426, 201, 32, 0.01%, 0, 0, 3, 125.76, 334041, 439
3420, 0, 29, 426, 201, 32, 0.01%, 0, 0, 3, 110.93, 334581, 439
3425, 0, 29, 426, 201, 32, 0.01%, 0, 0, 3, 128.71, 335030, 439
3431, 0, 29, 426, 201, 32, 0.01%, 0, 0, 3, 24.59, 335581, 439
3436, 0, 29, 426, 201, 32, 0.01%, 0, 0, 3, 95.62, 336048, 439
3441, 0, 29, 426, 201, 32, 0.01%, 0, 0, 3, 108.57, 336575, 439
3446, 0, 29, 426, 201, 32, 0.01%, 0, 0, 3, 135.64, 337053, 439
3451, 0, 29, 426, 201, 32, 0.01%, 0, 0, 3, 131.23, 337459, 439
3456, 0, 29, 426, 201, 32, 0.01%, 0, 0, 3, 157.79, 338069, 439
3462, 0, 29, 426, 201, 32, 0.01%, 0, 0, 3, 128.50, 338601, 439
3467, 0, 29, 426, 201, 32, 0.01%, 0, 0, 3, 111.29, 339057, 439
3472, 0, 29, 426, 201, 32, 0.01%, 0, 0, 3, 116.61, 339603, 439
3477, 0, 29, 426, 201, 32, 0.01%, 0, 0, 3, 120.18, 340197, 439
3482, 0, 29, 426, 201, 32, 0.01%, 0, 0, 3, 124.84, 340805, 439
3488, 0, 29, 426, 201, 32, 0.01%, 0, 0, 3, 117.91, 341405, 439
3493, 0, 29, 426, 201, 32, 0.01%, 0, 0, 3, 120.98, 341983, 439
3498, 0, 29, 426, 201, 32, 0.01%, 0, 0, 3, 119.06, 342517, 439
3503, 0, 29, 426, 201, 32, 0.01%, 0, 0, 3, 101.15, 342907, 439
3508, 0, 29, 426, 201, 32, 0.01%, 0, 0, 3, 100.50, 343367, 439
3514, 0, 29, 426, 201, 32, 0.01%, 0, 0, 3, 112.59, 343919, 439
3519, 0, 29, 426, 201, 32, 0.01%, 0, 0, 3, 113.40, 344425, 439
3524, 0, 29, 426, 201, 32, 0.01%, 0, 0, 3, 115.48, 344919, 439
3529, 0, 29, 426, 201, 32, 0.01%, 0, 0, 3, 109.70, 345361, 439
3534, 0, 29, 426, 201, 32, 0.01%, 0, 0, 3, 127.59, 345979, 439
3539, 0, 29, 426, 201, 32, 0.01%, 0, 0, 3, 139.24, 346663, 439
3544, 0, 29, 426, 201, 32, 0.01%, 0, 0, 3, 129.91, 347237, 439
3549, 0, 29, 426, 201, 32, 0.01%, 0, 0, 3, 122.50, 347793, 439
3554, 0, 29, 426, 201, 32, 0.01%, 0, 0, 3, 119.30, 348329, 439
3559, 0, 29, 426, 201, 32, 0.01%, 0, 0, 3, 126.09, 348917, 439
3564, 0, 29, 426, 201, 32, 0.01%, 0, 0, 3, 129.11, 349553, 439
3569, 0, 29, 426, 201, 32, 0.01%, 0, 0, 3, 130.69, 350191, 439
3575, 0, 29, 426, 201, 32, 0.01%, 0, 0, 3, 131.20, 350821, 439
3580, 0, 29, 426, 201, 32, 0.01%, 0, 0, 3, 129.01, 351455, 439
3585, 0, 29, 426, 201, 32, 0.01%, 0, 0, 3, 134.05, 352123, 439
3590, 0, 29, 426, 201, 32, 0.01%, 0, 0, 3, 133.72, 352773, 439
3595, 0, 411, 427, 201, 32, 0.01%, 0, 0, 4, 131.35, 353423, 439
3600, 0, 411, 427, 201, 32, 0.01%, 0, 0, 4, 117.95, 353963, 439
3605, 0, 411, 427, 201, 32, 0.01%, 0, 0, 4, 106.79, 354417, 439
3611, 0, 411, 427, 201, 32, 0.01%, 0, 0, 4, 13.04, 354785, 439
3616, 0, 411, 427, 201, 32, 0.01%, 0, 0, 4, 96.98, 355255, 439
3621, 0, 411, 427, 201, 32, 0.01%, 0, 0, 4, 95.64, 355703, 439
3626, 0, 411, 427, 201, 32, 0.01%, 0, 0, 4, 100.83, 356158, 439
3631, 0, 411, 427, 201, 32, 0.01%, 0, 0, 4, 89.17, 356577, 439
3636, 0, 411, 427, 201, 32, 0.01%, 0, 0, 4, 108.05, 357055, 439
3641, 0, 411, 427, 201, 32, 0.01%, 0, 0, 4, 104.69, 357521, 439
3646, 0, 411, 427, 201, 32, 0.01%, 0, 0, 4, 135.37, 357929, 439
3652, 0, 411, 427, 201, 32, 0.01%, 0, 0, 4, 110.48, 358339, 439
3657, 0, 411, 427, 201, 32, 0.01%, 0, 0, 4, 99.85, 358715, 439
3662, 0, 411, 427, 201, 32, 0.01%, 0, 0, 4, 100.23, 359163, 439
3667, 0, 411, 427, 201, 32, 0.01%, 0, 0, 4, 114.06, 359621, 439
3667, 0, 411, 427, 201, 32, 0.01%, 0, 0, 4, 114.83, 359654, 439
